# win,br,misp%,MPKI,extra%,i/blk,br/blk,true_blk%,bim%,T0%,T1%,T2%,T3%,T4%,T5%,T6%,T7%,T8%,T9%,T10%,T11%,T12%,T13%,alloc_ok%,acc_avg,alloc_avg,Tlast_evict,Tlast_zu%,Tlast_avgp,coll%,Tlast_used,win_stuck,win_hard,dir_misp%,bnd_misp%,micro_p50_mpki,micro_p95_mpki,phase_delta_avg,phase_max_delta,jaccard,pingpong,cf_fb_only%,cf_tage_only%,prov_no_tag%,prov_sec_rej%,prov_meta_alt%,prov_meta_pri%,prov_no_meta%,cf_sec_fb_acc%,cf_sec_tage_acc%,ben_rej%,ben_incr%,ben_decr%,ben_ctr_avg
0,100000,11.9,15.407,21.1,13.7,1.8,91.2,0.0,100.0,0.0,0.0,0.0,0.0,0.0,0.0,0.0,0.0,0.0,0.0,0.0,0.0,0.0,21.1,972.2,972.2,143,100.0,0.0,0.9,478,13,8,58.2,41.8,52.5,52.5,4.56,26.95,-1.000,989,0.000,0.000,100.000,0.000,0.000,0.000,0.000,0.000,0.000,0.000,0.000,0.000,0.000
1,100000,9.6,12.466,17.1,13.7,1.8,92.1,0.0,100.0,0.0,0.0,0.0,0.0,0.0,0.0,0.0,0.0,0.0,0.0,0.0,0.0,0.0,17.1,1022.3,1022.3,7,100.0,0.0,1.6,459,13,5,53.9,46.1,52.5,52.5,4.29,26.56,0.864,1015,0.000,0.000,100.000,0.000,0.000,0.000,0.000,0.000,0.000,0.000,0.000,0.000,0.000
2,100000,9.7,12.404,17.0,13.7,1.8,91.5,0.0,100.0,0.0,0.0,0.0,0.0,0.0,0.0,0.0,0.0,0.0,0.0,0.0,0.0,0.0,17.0,1022.5,1022.5,16,100.0,0.0,1.9,496,14,4,50.1,49.9,52.5,52.5,4.10,21.48,0.850,1302,0.000,0.000,100.000,0.000,0.000,0.000,0.000,0.000,0.000,0.000,0.000,0.000,0.000
3,100000,8.5,10.901,15.1,13.9,1.8,92.4,0.0,100.0,0.0,0.0,0.0,0.0,0.0,0.0,0.0,0.0,0.0,0.0,0.0,0.0,0.0,15.1,1022.6,1022.6,10,100.0,0.0,2.5,503,12,7,49.7,50.3,52.5,52.5,4.02,17.58,0.984,1313,0.000,0.000,100.000,0.000,0.000,0.000,0.000,0.000,0.000,0.000,0.000,0.000,0.000
4,100000,6.1,7.896,11.1,14.0,1.8,94.3,0.0,100.0,0.0,0.0,0.0,0.0,0.0,0.0,0.0,0.0,0.0,0.0,0.0,0.0,0.0,11.0,1022.6,1022.6,8,100.0,0.0,2.4,480,17,7,48.1,51.9,52.5,52.5,3.29,22.27,0.535,1019,0.000,0.000,100.000,0.000,0.000,0.000,0.000,0.000,0.000,0.000,0.000,0.000,0.000
5,100000,6.9,8.866,12.5,14.1,1.8,93.6,0.0,100.0,0.0,0.0,0.0,0.0,0.0,0.0,0.0,0.0,0.0,0.0,0.0,0.0,0.0,12.4,1022.7,1022.7,4,100.0,0.0,2.4,470,10,5,48.5,51.5,52.5,52.5,3.56,14.45,0.566,1261,0.000,0.000,100.000,0.000,0.000,0.000,0.000,0.000,0.000,0.000,0.000,0.000,0.000
6,100000,7.9,10.296,14.1,13.7,1.8,92.5,0.0,100.0,0.0,0.0,0.0,0.0,0.0,0.0,0.0,0.0,0.0,0.0,0.0,0.0,0.0,14.1,1022.7,1022.7,3,100.0,0.0,2.5,460,15,5,47.0,53.0,52.5,52.5,3.39,18.75,0.820,1224,0.000,0.000,100.000,0.000,0.000,0.000,0.000,0.000,0.000,0.000,0.000,0.000,0.000
7,100000,6.9,8.804,12.3,14.0,1.8,93.0,0.0,100.0,0.0,0.0,0.0,0.0,0.0,0.0,0.0,0.0,0.0,0.0,0.0,0.0,0.0,12.2,1022.7,1022.7,4,100.0,0.0,2.4,458,21,5,43.4,56.6,52.5,52.5,3.23,13.28,0.973,1294,0.000,0.000,100.000,0.000,0.000,0.000,0.000,0.000,0.000,0.000,0.000,0.000,0.000
8,100000,6.6,8.506,11.9,14.0,1.8,93.4,0.0,100.0,0.0,0.0,0.0,0.0,0.0,0.0,0.0,0.0,0.0,0.0,0.0,0.0,0.0,11.8,1022.8,1022.8,5,100.0,0.0,2.5,450,21,8,44.2,55.8,52.5,52.5,3.11,14.45,0.986,1184,0.000,0.000,100.000,0.000,0.000,0.000,0.000,0.000,0.000,0.000,0.000,0.000,0.000
9,100000,5.2,6.649,9.5,14.3,1.8,94.5,0.0,100.0,0.0,0.0,0.0,0.0,0.0,0.0,0.0,0.0,0.0,0.0,0.0,0.0,0.0,9.4,1022.8,1022.8,2,100.0,0.0,2.2,469,23,8,42.1,57.9,47.5,52.5,2.77,12.50,0.590,1062,0.000,0.000,100.000,0.000,0.000,0.000,0.000,0.000,0.000,0.000,0.000,0.000,0.000
10,100000,9.3,11.922,16.4,13.8,1.8,91.1,0.0,100.0,0.0,0.0,0.0,0.0,0.0,0.0,0.0,0.0,0.0,0.0,0.0,0.0,0.0,16.3,1022.5,1022.5,6,100.0,0.0,2.6,502,16,4,45.9,54.1,52.5,52.5,3.68,25.39,0.554,1444,0.000,0.000,100.000,0.000,0.000,0.000,0.000,0.000,0.000,0.000,0.000,0.000,0.000
11,100000,8.5,10.780,15.0,13.9,1.8,91.9,0.0,100.0,0.0,0.0,0.0,0.0,0.0,0.0,0.0,0.0,0.0,0.0,0.0,0.0,0.0,14.9,1022.6,1022.6,9,100.0,0.0,2.8,497,13,4,46.3,53.7,52.5,52.5,4.08,17.58,0.883,1342,0.000,0.000,100.000,0.000,0.000,0.000,0.000,0.000,0.000,0.000,0.000,0.000,0.000
12,100000,7.6,9.926,13.6,13.7,1.8,92.6,0.0,100.0,0.0,0.0,0.0,0.0,0.0,0.0,0.0,0.0,0.0,0.0,0.0,0.0,0.0,13.6,1022.7,1022.7,7,100.0,0.0,2.9,509,14,5,45.4,54.6,52.5,52.5,3.46,14.06,0.975,1296,0.000,0.000,100.000,0.000,0.000,0.000,0.000,0.000,0.000,0.000,0.000,0.000,0.000
13,100000,8.3,10.719,14.7,13.7,1.8,92.0,0.0,100.0,0.0,0.0,0.0,0.0,0.0,0.0,0.0,0.0,0.0,0.0,0.0,0.0,0.0,14.7,1022.7,1022.7,9,100.0,0.0,2.6,512,16,9,45.5,54.5,52.5,52.5,3.61,12.89,0.962,1434,0.000,0.000,100.000,0.000,0.000,0.000,0.000,0.000,0.000,0.000,0.000,0.000,0.000
14,100000,5.7,7.403,10.4,14.0,1.8,94.4,0.0,100.0,0.0,0.0,0.0,0.0,0.0,0.0,0.0,0.0,0.0,0.0,0.0,0.0,0.0,10.2,1022.8,1022.8,1,100.0,0.0,2.5,511,20,4,46.0,54.0,52.5,52.5,3.01,12.50,0.603,1083,0.000,0.000,100.000,0.000,0.000,0.000,0.000,0.000,0.000,0.000,0.000,0.000,0.000
15,100000,7.3,9.557,13.0,13.6,1.8,92.8,0.0,100.0,0.0,0.0,0.0,0.0,0.0,0.0,0.0,0.0,0.0,0.0,0.0,0.0,0.0,13.0,1022.7,1022.7,2,100.0,0.0,2.6,502,20,4,44.5,55.5,52.5,52.5,3.78,13.28,0.609,1295,0.000,0.000,100.000,0.000,0.000,0.000,0.000,0.000,0.000,0.000,0.000,0.000,0.000
16,100000,6.1,7.975,11.0,13.8,1.8,93.7,0.0,100.0,0.0,0.0,0.0,0.0,0.0,0.0,0.0,0.0,0.0,0.0,0.0,0.0,0.0,10.9,1022.8,1022.8,2,100.0,0.0,2.5,516,14,3,43.1,56.9,52.5,52.5,3.17,13.67,0.993,1094,0.000,0.000,100.000,0.000,0.000,0.000,0.000,0.000,0.000,0.000,0.000,0.000,0.000
17,100000,5.1,6.667,9.4,14.0,1.8,94.7,0.0,100.0,0.0,0.0,0.0,0.0,0.0,0.0,0.0,0.0,0.0,0.0,0.0,0.0,0.0,9.2,1022.8,1022.8,2,100.0,0.0,2.6,478,20,3,43.6,56.4,52.5,52.5,2.69,14.06,0.991,976,0.000,0.000,100.000,0.000,0.000,0.000,0.000,0.000,0.000,0.000,0.000,0.000,0.000
18,100000,6.8,8.582,12.1,14.1,1.8,93.1,0.0,100.0,0.0,0.0,0.0,0.0,0.0,0.0,0.0,0.0,0.0,0.0,0.0,0.0,0.0,12.0,1022.8,1022.8,1,100.0,0.0,2.3,488,17,9,43.3,56.7,52.5,52.5,3.06,20.70,0.840,1159,0.000,0.000,100.000,0.000,0.000,0.000,0.000,0.000,0.000,0.000,0.000,0.000,0.000
19,100000,6.6,8.300,11.8,14.3,1.8,93.3,0.0,100.0,0.0,0.0,0.0,0.0,0.0,0.0,0.0,0.0,0.0,0.0,0.0,0.0,0.0,11.7,1022.7,1022.7,8,100.0,0.0,2.5,536,18,4,43.6,56.4,52.5,52.5,3.18,17.19,0.525,1221,0.000,0.000,100.000,0.000,0.000,0.000,0.000,0.000,0.000,0.000,0.000,0.000,0.000
20,100000,6.6,8.410,11.9,14.1,1.8,93.5,0.0,100.0,0.0,0.0,0.0,0.0,0.0,0.0,0.0,0.0,0.0,0.0,0.0,0.0,0.0,11.7,1022.7,1022.7,3,100.0,0.0,2.5,505,20,6,45.1,54.9,52.5,52.5,3.55,20.70,0.533,1102,0.000,0.000,100.000,0.000,0.000,0.000,0.000,0.000,0.000,0.000,0.000,0.000,0.000
21,100000,6.7,8.549,11.9,14.0,1.8,93.1,0.0,100.0,0.0,0.0,0.0,0.0,0.0,0.0,0.0,0.0,0.0,0.0,0.0,0.0,0.0,11.8,1022.8,1022.8,8,100.0,0.0,3.0,542,18,2,42.5,57.5,52.5,52.5,3.18,9.77,0.853,1332,0.000,0.000,100.000,0.000,0.000,0.000,0.000,0.000,0.000,0.000,0.000,0.000,0.000
22,100000,4.3,5.549,7.8,14.1,1.8,95.5,0.0,100.0,0.0,0.0,0.0,0.0,0.0,0.0,0.0,0.0,0.0,0.0,0.0,0.0,0.0,7.6,1022.9,1022.9,3,100.0,0.0,3.0,464,17,1,42.1,57.9,37.5,52.5,2.14,10.94,0.955,949,0.000,0.000,100.000,0.000,0.000,0.000,0.000,0.000,0.000,0.000,0.000,0.000,0.000
23,100000,6.4,8.174,11.4,14.0,1.8,93.3,0.0,100.0,0.0,0.0,0.0,0.0,0.0,0.0,0.0,0.0,0.0,0.0,0.0,0.0,0.0,11.3,1022.8,1022.8,7,100.0,0.0,3.0,531,18,2,41.3,58.7,52.5,52.5,3.20,16.02,0.968,1278,0.000,0.000,100.000,0.000,0.000,0.000,0.000,0.000,0.000,0.000,0.000,0.000,0.000
24,100000,6.9,8.901,12.4,13.9,1.8,93.1,0.0,100.0,0.0,0.0,0.0,0.0,0.0,0.0,0.0,0.0,0.0,0.0,0.0,0.0,0.0,12.3,1022.8,1022.8,5,100.0,0.0,3.1,524,18,3,43.8,56.2,52.5,52.5,3.39,14.06,0.608,1282,0.000,0.000,100.000,0.000,0.000,0.000,0.000,0.000,0.000,0.000,0.000,0.000,0.000
25,100000,5.0,6.483,9.2,14.1,1.8,94.9,0.0,100.0,0.0,0.0,0.0,0.0,0.0,0.0,0.0,0.0,0.0,0.0,0.0,0.0,0.0,9.0,1022.8,1022.8,5,100.0,0.0,3.2,481,17,3,43.9,56.1,47.5,52.5,2.64,10.94,0.525,1012,0.000,0.000,100.000,0.000,0.000,0.000,0.000,0.000,0.000,0.000,0.000,0.000,0.000
26,100000,5.2,6.704,9.5,14.2,1.8,94.5,0.0,100.0,0.0,0.0,0.0,0.0,0.0,0.0,0.0,0.0,0.0,0.0,0.0,0.0,0.0,9.3,1022.8,1022.8,4,100.0,0.0,2.8,509,18,4,42.2,57.8,47.5,52.5,2.79,12.50,0.844,1101,0.000,0.000,100.000,0.000,0.000,0.000,0.000,0.000,0.000,0.000,0.000,0.000,0.000
27,100000,5.8,7.458,10.4,14.0,1.8,93.9,0.0,100.0,0.0,0.0,0.0,0.0,0.0,0.0,0.0,0.0,0.0,0.0,0.0,0.0,0.0,10.3,1022.8,1022.8,5,100.0,0.0,3.0,539,20,8,41.4,58.6,52.5,52.5,3.09,21.09,0.969,1158,0.000,0.000,100.000,0.000,0.000,0.000,0.000,0.000,0.000,0.000,0.000,0.000,0.000

