# win,br,misp%,MPKI,extra%,i/blk,br/blk,true_blk%,bim%,T0%,T1%,T2%,T3%,T4%,T5%,T6%,T7%,T8%,T9%,T10%,T11%,T12%,T13%,alloc_ok%,acc_avg,alloc_avg,Tlast_evict,Tlast_zu%,Tlast_avgp,coll%,Tlast_used,win_stuck,win_hard,dir_misp%,bnd_misp%,micro_p50_mpki,micro_p95_mpki,phase_delta_avg,phase_max_delta,jaccard,pingpong,cf_fb_only%,cf_tage_only%,prov_no_tag%,prov_sec_rej%,prov_meta_alt%,prov_meta_pri%,prov_no_meta%,cf_sec_fb_acc%,cf_sec_tage_acc%,ben_rej%,ben_incr%,ben_decr%,ben_ctr_avg
0,100000,8.3,22.847,11.5,5.0,1.4,96.0,0.0,100.0,0.0,0.0,0.0,0.0,0.0,0.0,0.0,0.0,0.0,0.0,0.0,0.0,0.0,11.3,999.4,999.4,97,100.0,0.0,0.9,311,90,68,65.7,34.3,52.5,52.5,3.44,39.84,-1.000,515,0.000,0.000,100.000,0.000,0.000,0.000,0.000,0.000,0.000,0.000,0.000,0.000,0.000
1,100000,4.7,12.546,6.6,5.3,1.4,97.3,0.0,100.0,0.0,0.0,0.0,0.0,0.0,0.0,0.0,0.0,0.0,0.0,0.0,0.0,0.0,6.3,1022.7,1022.8,3,100.0,0.0,1.1,248,83,57,58.5,41.5,27.5,52.5,2.28,18.75,0.695,607,0.000,0.000,100.000,0.000,0.000,0.000,0.000,0.000,0.000,0.000,0.000,0.000,0.000
2,100000,3.5,9.264,4.8,5.2,1.4,98.2,0.0,100.0,0.0,0.0,0.0,0.0,0.0,0.0,0.0,0.0,0.0,0.0,0.0,0.0,0.0,4.4,1022.8,1022.8,1,100.0,0.0,1.2,258,89,65,63.2,36.8,7.5,52.5,1.67,24.22,0.976,441,0.000,0.000,100.000,0.000,0.000,0.000,0.000,0.000,0.000,0.000,0.000,0.000,0.000
3,100000,4.7,12.134,6.4,5.3,1.4,97.5,0.0,100.0,0.0,0.0,0.0,0.0,0.0,0.0,0.0,0.0,0.0,0.0,0.0,0.0,0.0,5.8,1022.8,1022.8,2,100.0,0.0,1.2,257,64,68,60.4,39.6,37.5,52.5,2.27,17.19,0.828,799,0.000,0.000,100.000,0.000,0.000,0.000,0.000,0.000,0.000,0.000,0.000,0.000,0.000
4,100000,2.7,7.193,3.7,5.1,1.4,98.5,0.0,100.0,0.0,0.0,0.0,0.0,0.0,0.0,0.0,0.0,0.0,0.0,0.0,0.0,0.0,3.2,1022.9,1022.9,0,0.0,0.0,1.3,247,75,63,59.7,40.3,12.5,52.5,1.39,12.89,0.946,551,0.000,0.000,100.000,0.000,0.000,0.000,0.000,0.000,0.000,0.000,0.000,0.000,0.000
5,100000,3.5,8.651,4.8,5.5,1.4,97.7,0.0,100.0,0.0,0.0,0.0,0.0,0.0,0.0,0.0,0.0,0.0,0.0,0.0,0.0,0.0,4.3,1022.9,1022.9,2,100.0,0.0,1.4,264,70,67,52.1,47.9,27.5,52.5,2.18,15.62,0.803,656,0.000,0.000,100.000,0.000,0.000,0.000,0.000,0.000,0.000,0.000,0.000,0.000,0.000
6,100000,2.2,5.707,3.1,5.3,1.4,98.6,0.0,100.0,0.0,0.0,0.0,0.0,0.0,0.0,0.0,0.0,0.0,0.0,0.0,0.0,0.0,2.5,1022.9,1022.9,1,100.0,0.0,1.5,245,63,59,53.3,46.7,12.5,52.5,1.46,9.38,0.868,421,0.000,0.000,100.000,0.000,0.000,0.000,0.000,0.000,0.000,0.000,0.000,0.000,0.000
7,100000,3.3,8.535,4.5,5.3,1.4,97.9,0.0,100.0,0.0,0.0,0.0,0.0,0.0,0.0,0.0,0.0,0.0,0.0,0.0,0.0,0.0,4.1,1022.9,1022.9,4,100.0,0.0,1.5,265,74,62,52.9,47.1,17.5,52.5,2.17,18.75,0.814,569,0.000,0.000,100.000,0.000,0.000,0.000,0.000,0.000,0.000,0.000,0.000,0.000,0.000
8,100000,3.0,7.550,4.2,5.5,1.4,98.0,0.0,100.0,0.0,0.0,0.0,0.0,0.0,0.0,0.0,0.0,0.0,0.0,0.0,0.0,0.0,3.6,1022.9,1022.9,2,100.0,0.0,1.6,227,70,64,51.2,48.8,22.5,52.5,1.88,14.45,0.841,555,0.000,0.000,100.000,0.000,0.000,0.000,0.000,0.000,0.000,0.000,0.000,0.000,0.000
9,100000,3.9,10.000,5.4,5.4,1.4,97.3,0.0,100.0,0.0,0.0,0.0,0.0,0.0,0.0,0.0,0.0,0.0,0.0,0.0,0.0,0.0,4.9,1022.8,1022.8,1,100.0,0.0,1.7,276,100,73,50.5,49.5,27.5,52.5,2.43,16.02,0.628,736,0.000,0.000,100.000,0.000,0.000,0.000,0.000,0.000,0.000,0.000,0.000,0.000,0.000
10,100000,5.0,12.095,6.8,5.6,1.4,96.6,0.0,100.0,0.0,0.0,0.0,0.0,0.0,0.0,0.0,0.0,0.0,0.0,0.0,0.0,0.0,6.1,1022.8,1022.8,4,100.0,0.0,1.7,253,93,52,49.7,50.3,42.5,52.5,2.82,25.00,0.619,1009,0.000,0.000,100.000,0.000,0.000,0.000,0.000,0.000,0.000,0.000,0.000,0.000,0.000
11,100000,5.7,13.563,7.7,5.7,1.4,96.1,0.0,100.0,0.0,0.0,0.0,0.0,0.0,0.0,0.0,0.0,0.0,0.0,0.0,0.0,0.0,7.3,1022.8,1022.8,2,100.0,0.0,1.7,258,91,71,49.1,50.9,52.5,52.5,3.02,16.02,0.836,980,0.000,0.000,100.000,0.000,0.000,0.000,0.000,0.000,0.000,0.000,0.000,0.000,0.000
12,100000,5.8,13.903,8.0,5.7,1.4,95.9,0.0,100.0,0.0,0.0,0.0,0.0,0.0,0.0,0.0,0.0,0.0,0.0,0.0,0.0,0.0,7.6,1022.8,1022.8,3,100.0,0.0,1.6,283,95,67,48.5,51.5,52.5,52.5,3.04,16.41,0.865,1013,0.000,0.000,100.000,0.000,0.000,0.000,0.000,0.000,0.000,0.000,0.000,0.000,0.000
13,100000,5.5,13.617,7.5,5.5,1.4,96.4,0.0,100.0,0.0,0.0,0.0,0.0,0.0,0.0,0.0,0.0,0.0,0.0,0.0,0.0,0.0,7.0,1022.7,1022.7,5,100.0,0.0,1.7,320,91,76,52.3,47.7,47.5,52.5,3.24,34.77,0.839,967,0.000,0.000,100.000,0.000,0.000,0.000,0.000,0.000,0.000,0.000,0.000,0.000,0.000
14,100000,3.6,9.215,4.9,5.3,1.3,97.5,0.0,100.0,0.0,0.0,0.0,0.0,0.0,0.0,0.0,0.0,0.0,0.0,0.0,0.0,0.0,4.2,1022.9,1022.9,1,100.0,0.0,1.6,284,67,72,49.8,50.2,32.5,52.5,2.43,13.67,0.882,740,0.000,0.000,100.000,0.000,0.000,0.000,0.000,0.000,0.000,0.000,0.000,0.000,0.000
15,100000,7.5,18.121,10.5,5.8,1.4,95.5,0.0,100.0,0.0,0.0,0.0,0.0,0.0,0.0,0.0,0.0,0.0,0.0,0.0,0.0,0.0,10.0,1022.3,1022.3,16,100.0,0.0,2.4,361,119,89,56.6,43.4,52.5,52.5,3.90,29.30,0.528,1024,0.000,0.000,100.000,0.000,0.000,0.000,0.000,0.000,0.000,0.000,0.000,0.000,0.000
16,100000,8.7,22.522,13.9,6.2,1.6,93.4,0.0,100.0,0.0,0.0,0.0,0.0,0.0,0.0,0.0,0.0,0.0,0.0,0.0,0.0,0.0,13.8,1022.4,1022.5,11,100.0,0.0,4.4,201,116,35,52.3,47.7,52.5,52.5,3.48,13.28,0.451,673,0.000,0.000,100.000,0.000,0.000,0.000,0.000,0.000,0.000,0.000,0.000,0.000,0.000
17,100000,9.0,22.613,15.2,6.7,1.7,91.7,0.0,100.0,0.0,0.0,0.0,0.0,0.0,0.0,0.0,0.0,0.0,0.0,0.0,0.0,0.0,14.5,1019.7,1020.0,24,100.0,0.0,3.9,245,162,66,45.4,54.6,52.5,52.5,3.77,23.05,0.565,828,0.000,0.000,100.000,0.000,0.000,0.000,0.000,0.000,0.000,0.000,0.000,0.000,0.000
18,100000,11.5,14.827,21.4,14.4,1.9,89.3,0.0,100.0,0.0,0.0,0.0,0.0,0.0,0.0,0.0,0.0,0.0,0.0,0.0,0.0,0.0,21.0,921.1,921.1,987,100.0,0.0,7.8,320,36,22,49.8,50.2,52.5,52.5,4.55,23.83,0.098,716,0.000,0.000,100.000,0.000,0.000,0.000,0.000,0.000,0.000,0.000,0.000,0.000,0.000
19,100000,9.1,10.132,16.4,16.2,1.8,91.6,0.0,100.0,0.0,0.0,0.0,0.0,0.0,0.0,0.0,0.0,0.0,0.0,0.0,0.0,0.0,15.7,1022.6,1022.6,8,100.0,0.0,3.4,69,14,13,48.7,51.3,52.5,52.5,6.21,23.05,0.168,837,0.000,0.000,100.000,0.000,0.000,0.000,0.000,0.000,0.000,0.000,0.000,0.000,0.000
20,100000,11.9,23.259,23.6,10.1,2.0,88.6,0.0,100.0,0.0,0.0,0.0,0.0,0.0,0.0,0.0,0.0,0.0,0.0,0.0,0.0,0.0,22.6,1014.0,1021.8,34,100.0,0.0,12.2,166,37,31,51.7,48.3,52.5,52.5,4.70,78.12,0.117,857,0.000,0.000,100.000,0.000,0.000,0.000,0.000,0.000,0.000,0.000,0.000,0.000,0.000
21,100000,17.6,40.308,27.3,6.8,1.5,85.8,0.0,100.0,0.0,0.0,0.0,0.0,0.0,0.0,0.0,0.0,0.0,0.0,0.0,0.0,0.0,26.9,1018.6,1018.6,215,100.0,0.0,9.5,346,95,58,47.8,52.2,52.5,52.5,4.84,26.56,0.207,691,0.000,0.000,100.000,0.000,0.000,0.000,0.000,0.000,0.000,0.000,0.000,0.000,0.000
22,100000,10.7,23.515,20.5,8.7,1.9,89.6,0.0,100.0,0.0,0.0,0.0,0.0,0.0,0.0,0.0,0.0,0.0,0.0,0.0,0.0,0.0,20.5,1022.3,1022.3,24,100.0,0.0,8.6,113,24,28,49.0,51.0,52.5,52.5,3.30,27.34,0.216,699,0.000,0.000,100.000,0.000,0.000,0.000,0.000,0.000,0.000,0.000,0.000,0.000,0.000
23,100000,9.1,16.357,18.4,11.3,2.0,90.7,0.0,100.0,0.0,0.0,0.0,0.0,0.0,0.0,0.0,0.0,0.0,0.0,0.0,0.0,0.0,17.8,1018.6,1021.5,44,100.0,0.0,7.3,134,42,21,49.4,50.6,52.5,52.5,4.56,86.33,0.126,179,0.000,0.000,100.000,0.000,0.000,0.000,0.000,0.000,0.000,0.000,0.000,0.000,0.000
24,100000,14.1,26.874,26.3,9.8,1.9,87.2,0.0,100.0,0.0,0.0,0.0,0.0,0.0,0.0,0.0,0.0,0.0,0.0,0.0,0.0,0.0,26.2,1018.5,1018.5,216,100.0,0.0,10.6,311,44,31,51.3,48.7,52.5,52.5,5.99,40.62,0.094,564,0.000,0.000,100.000,0.000,0.000,0.000,0.000,0.000,0.000,0.000,0.000,0.000,0.000
25,100000,9.1,18.226,18.9,10.4,2.1,90.5,0.0,100.0,0.0,0.0,0.0,0.0,0.0,0.0,0.0,0.0,0.0,0.0,0.0,0.0,0.0,18.2,1016.8,1019.6,160,100.0,0.0,7.6,318,72,36,50.0,50.0,52.5,52.5,4.72,78.91,0.288,846,0.000,0.000,100.000,0.000,0.000,0.000,0.000,0.000,0.000,0.000,0.000,0.000,0.000
26,100000,10.1,19.341,20.9,10.8,2.1,89.6,0.0,100.0,0.0,0.0,0.0,0.0,0.0,0.0,0.0,0.0,0.0,0.0,0.0,0.0,0.0,20.5,1012.2,1020.1,99,100.0,0.0,4.4,165,41,28,50.0,50.0,52.5,52.5,3.71,30.47,0.187,601,0.000,0.000,100.000,0.000,0.000,0.000,0.000,0.000,0.000,0.000,0.000,0.000,0.000
27,100000,15.8,38.099,30.6,8.0,1.9,85.6,0.0,100.0,0.0,0.0,0.0,0.0,0.0,0.0,0.0,0.0,0.0,0.0,0.0,0.0,0.0,30.0,996.4,999.3,538,100.0,0.0,8.6,406,59,62,52.9,47.1,52.5,52.5,4.48,60.94,0.133,868,0.000,0.000,100.000,0.000,0.000,0.000,0.000,0.000,0.000,0.000,0.000,0.000,0.000
28,100000,17.1,40.572,29.1,7.2,1.7,87.0,0.0,100.0,0.0,0.0,0.0,0.0,0.0,0.0,0.0,0.0,0.0,0.0,0.0,0.0,0.0,28.1,1004.9,1016.5,319,100.0,0.0,8.8,463,116,85,55.4,44.6,52.5,52.5,5.28,72.66,0.140,847,0.000,0.000,100.000,0.000,0.000,0.000,0.000,0.000,0.000,0.000,0.000,0.000,0.000
29,100000,14.3,31.606,27.2,8.6,1.9,86.4,0.0,100.0,0.0,0.0,0.0,0.0,0.0,0.0,0.0,0.0,0.0,0.0,0.0,0.0,0.0,27.2,1019.3,1019.3,144,100.0,0.0,8.1,243,22,18,49.9,50.1,52.5,52.5,4.13,15.23,0.095,945,0.000,0.000,100.000,0.000,0.000,0.000,0.000,0.000,0.000,0.000,0.000,0.000,0.000
30,100000,12.6,30.757,21.5,7.0,1.7,89.3,0.0,100.0,0.0,0.0,0.0,0.0,0.0,0.0,0.0,0.0,0.0,0.0,0.0,0.0,0.0,20.0,1014.5,1021.2,117,100.0,0.0,7.6,328,160,42,50.0,50.0,52.5,52.5,4.98,91.02,0.111,793,0.000,0.000,100.000,0.000,0.000,0.000,0.000,0.000,0.000,0.000,0.000,0.000,0.000
31,100000,12.5,26.568,25.6,9.6,2.1,87.1,0.0,100.0,0.0,0.0,0.0,0.0,0.0,0.0,0.0,0.0,0.0,0.0,0.0,0.0,0.0,25.5,1018.5,1018.5,213,100.0,0.0,11.1,390,106,49,49.6,50.4,52.5,52.5,6.43,28.91,0.390,974,0.000,0.000,100.000,0.000,0.000,0.000,0.000,0.000,0.000,0.000,0.000,0.000,0.000
32,100000,10.6,22.607,21.3,9.4,2.0,88.8,0.0,100.0,0.0,0.0,0.0,0.0,0.0,0.0,0.0,0.0,0.0,0.0,0.0,0.0,0.0,21.3,1020.2,1020.2,142,100.0,0.0,10.6,421,110,51,47.5,52.5,52.5,52.5,5.52,21.88,0.703,1164,0.000,0.000,100.000,0.000,0.000,0.000,0.000,0.000,0.000,0.000,0.000,0.000,0.000
33,100000,9.4,17.717,18.5,10.5,2.0,90.3,0.0,100.0,0.0,0.0,0.0,0.0,0.0,0.0,0.0,0.0,0.0,0.0,0.0,0.0,0.0,18.4,1011.8,1011.8,362,100.0,0.0,9.1,359,98,27,47.6,52.4,52.5,52.5,3.53,21.88,0.262,491,0.000,0.000,100.000,0.000,0.000,0.000,0.000,0.000,0.000,0.000,0.000,0.000,0.000
34,100000,14.3,35.191,30.4,8.6,2.1,85.0,0.0,100.0,0.0,0.0,0.0,0.0,0.0,0.0,0.0,0.0,0.0,0.0,0.0,0.0,0.0,30.1,1008.2,1012.0,244,100.0,0.0,6.4,218,22,14,50.7,49.3,52.5,52.5,4.46,54.69,0.025,834,0.000,0.000,100.000,0.000,0.000,0.000,0.000,0.000,0.000,0.000,0.000,0.000,0.000
35,100000,6.9,14.548,13.4,9.2,1.9,92.6,0.0,100.0,0.0,0.0,0.0,0.0,0.0,0.0,0.0,0.0,0.0,0.0,0.0,0.0,0.0,13.1,1020.1,1020.2,123,100.0,0.0,4.2,107,19,7,44.7,55.3,52.5,52.5,3.00,25.78,0.159,372,0.000,0.000,100.000,0.000,0.000,0.000,0.000,0.000,0.000,0.000,0.000,0.000,0.000
36,100000,14.3,34.383,26.3,7.6,1.8,86.6,0.0,100.0,0.0,0.0,0.0,0.0,0.0,0.0,0.0,0.0,0.0,0.0,0.0,0.0,0.0,26.3,1021.4,1021.4,104,100.0,0.0,9.2,216,99,36,49.0,51.0,52.5,52.5,4.60,28.91,0.026,791,0.000,0.000,100.000,0.000,0.000,0.000,0.000,0.000,0.000,0.000,0.000,0.000,0.000
37,100000,11.8,28.285,21.5,7.6,1.8,88.6,0.0,100.0,0.0,0.0,0.0,0.0,0.0,0.0,0.0,0.0,0.0,0.0,0.0,0.0,0.0,21.5,1022.3,1022.3,31,100.0,0.0,8.0,150,89,27,47.2,52.8,52.5,52.5,3.96,15.62,0.522,1476,0.000,0.000,100.000,0.000,0.000,0.000,0.000,0.000,0.000,0.000,0.000,0.000,0.000
38,100000,12.9,30.419,24.1,7.9,1.9,87.5,0.0,100.0,0.0,0.0,0.0,0.0,0.0,0.0,0.0,0.0,0.0,0.0,0.0,0.0,0.0,24.0,1017.5,1017.5,159,100.0,0.0,9.1,345,131,31,48.2,51.8,52.5,52.5,3.85,16.41,0.425,1305,0.000,0.000,100.000,0.000,0.000,0.000,0.000,0.000,0.000,0.000,0.000,0.000,0.000
39,100000,6.0,13.592,12.0,8.8,2.0,93.6,0.0,100.0,0.0,0.0,0.0,0.0,0.0,0.0,0.0,0.0,0.0,0.0,0.0,0.0,0.0,11.8,1012.3,1012.3,176,100.0,0.0,9.0,189,69,23,46.3,53.7,47.5,52.5,2.77,26.56,0.265,565,0.000,0.000,100.000,0.000,0.000,0.000,0.000,0.000,0.000,0.000,0.000,0.000,0.000
40,100000,7.9,16.765,15.3,9.1,1.9,91.3,0.0,100.0,0.0,0.0,0.0,0.0,0.0,0.0,0.0,0.0,0.0,0.0,0.0,0.0,0.0,14.9,1015.6,1015.6,347,100.0,0.0,4.6,241,37,15,43.1,56.9,52.5,52.5,3.25,20.31,0.066,724,0.000,0.000,100.000,0.000,0.000,0.000,0.000,0.000,0.000,0.000,0.000,0.000,0.000
41,100000,15.0,26.695,30.7,11.5,2.0,84.7,0.0,100.0,0.0,0.0,0.0,0.0,0.0,0.0,0.0,0.0,0.0,0.0,0.0,0.0,0.0,30.7,831.0,831.9,1816,100.0,0.0,13.1,482,62,24,50.3,49.7,52.5,52.5,4.12,23.44,0.081,968,0.000,0.000,100.000,0.000,0.000,0.000,0.000,0.000,0.000,0.000,0.000,0.000,0.000
42,100000,11.2,21.673,22.1,10.2,2.0,89.5,0.0,100.0,0.0,0.0,0.0,0.0,0.0,0.0,0.0,0.0,0.0,0.0,0.0,0.0,0.0,21.7,1020.7,1021.8,63,100.0,0.0,11.9,229,104,38,52.6,47.4,52.5,52.5,4.33,30.08,0.267,716,0.000,0.000,100.000,0.000,0.000,0.000,0.000,0.000,0.000,0.000,0.000,0.000,0.000
43,100000,11.3,25.502,22.4,8.8,2.0,89.2,0.0,100.0,0.0,0.0,0.0,0.0,0.0,0.0,0.0,0.0,0.0,0.0,0.0,0.0,0.0,22.2,1021.9,1022.0,58,100.0,0.0,10.6,213,85,43,51.7,48.3,52.5,52.5,4.56,33.20,0.503,1323,0.000,0.000,100.000,0.000,0.000,0.000,0.000,0.000,0.000,0.000,0.000,0.000,0.000
44,100000,12.8,22.782,22.0,9.7,1.7,89.1,0.0,100.0,0.0,0.0,0.0,0.0,0.0,0.0,0.0,0.0,0.0,0.0,0.0,0.0,0.0,22.0,1020.7,1020.7,147,100.0,0.0,9.0,323,85,46,50.6,49.4,52.5,52.5,3.99,23.44,0.105,674,0.000,0.000,100.000,0.000,0.000,0.000,0.000,0.000,0.000,0.000,0.000,0.000,0.000
45,100000,16.3,34.514,26.1,7.6,1.6,88.2,0.0,100.0,0.0,0.0,0.0,0.0,0.0,0.0,0.0,0.0,0.0,0.0,0.0,0.0,0.0,25.9,1018.0,1018.0,373,100.0,0.0,12.3,598,278,160,54.6,45.4,52.5,52.5,6.41,30.08,0.117,645,0.000,0.000,100.000,0.000,0.000,0.000,0.000,0.000,0.000,0.000,0.000,0.000,0.000
46,100000,7.6,17.814,15.3,8.6,2.0,92.3,0.0,100.0,0.0,0.0,0.0,0.0,0.0,0.0,0.0,0.0,0.0,0.0,0.0,0.0,0.0,15.1,1013.7,1013.7,431,100.0,0.0,12.3,447,147,43,50.1,49.9,47.5,52.5,3.63,37.11,0.127,409,0.000,0.000,100.000,0.000,0.000,0.000,0.000,0.000,0.000,0.000,0.000,0.000,0.000

