# win,br,misp%,MPKI,extra%,i/blk,br/blk,true_blk%,bim%,T0%,T1%,T2%,T3%,T4%,T5%,T6%,T7%,T8%,T9%,T10%,T11%,T12%,T13%,alloc_ok%,acc_avg,alloc_avg,Tlast_evict,Tlast_zu%,Tlast_avgp,coll%,Tlast_used,win_stuck,win_hard,dir_misp%,bnd_misp%,micro_p50_mpki,micro_p95_mpki,phase_delta_avg,phase_max_delta,jaccard,pingpong,cf_fb_only%,cf_tage_only%,prov_no_tag%,prov_sec_rej%,prov_meta_alt%,prov_meta_pri%,prov_no_meta%,cf_sec_fb_acc%,cf_sec_tage_acc%,ben_rej%,ben_incr%,ben_decr%,ben_ctr_avg
0,100000,17.2,19.096,30.1,15.8,1.8,86.5,0.0,100.0,0.0,0.0,0.0,0.0,0.0,0.0,0.0,0.0,0.0,0.0,0.0,0.0,0.0,30.1,962.6,962.7,319,100.0,0.0,7.9,796,50,47,55.2,44.8,52.5,52.5,5.76,25.00,-1.000,1616,0.000,0.000,100.000,0.000,0.000,0.000,0.000,0.000,0.000,0.000,0.000,0.000,0.000
1,100000,17.3,19.711,29.9,15.2,1.7,85.6,0.0,100.0,0.0,0.0,0.0,0.0,0.0,0.0,0.0,0.0,0.0,0.0,0.0,0.0,0.0,29.9,1020.4,1020.4,107,100.0,0.0,12.3,852,79,74,51.8,48.2,52.5,52.5,6.27,23.05,0.678,2201,0.000,0.000,100.000,0.000,0.000,0.000,0.000,0.000,0.000,0.000,0.000,0.000,0.000
2,100000,15.9,18.034,27.5,15.3,1.7,86.3,0.0,100.0,0.0,0.0,0.0,0.0,0.0,0.0,0.0,0.0,0.0,0.0,0.0,0.0,0.0,27.5,1020.9,1020.9,77,100.0,0.0,12.0,880,87,70,50.3,49.7,52.5,52.5,5.56,23.83,0.883,2114,0.000,0.000,100.000,0.000,0.000,0.000,0.000,0.000,0.000,0.000,0.000,0.000,0.000
3,100000,14.6,17.067,25.4,14.9,1.7,87.2,0.0,100.0,0.0,0.0,0.0,0.0,0.0,0.0,0.0,0.0,0.0,0.0,0.0,0.0,0.0,25.4,1021.5,1021.5,66,100.0,0.0,11.8,839,81,64,49.5,50.5,52.5,52.5,5.38,28.52,0.828,1990,0.000,0.000,100.000,0.000,0.000,0.000,0.000,0.000,0.000,0.000,0.000,0.000,0.000
4,100000,16.1,18.312,27.8,15.2,1.7,86.0,0.0,100.0,0.0,0.0,0.0,0.0,0.0,0.0,0.0,0.0,0.0,0.0,0.0,0.0,0.0,27.8,1021.3,1021.3,62,100.0,0.0,13.0,904,81,74,49.6,50.4,52.5,52.5,5.30,21.09,0.665,2023,0.000,0.000,100.000,0.000,0.000,0.000,0.000,0.000,0.000,0.000,0.000,0.000,0.000
5,100000,14.2,16.397,25.1,15.3,1.8,87.0,0.0,100.0,0.0,0.0,0.0,0.0,0.0,0.0,0.0,0.0,0.0,0.0,0.0,0.0,0.0,25.1,1021.4,1021.4,54,100.0,0.0,11.9,878,91,71,48.1,51.9,52.5,52.5,5.19,23.05,0.697,2069,0.000,0.000,100.000,0.000,0.000,0.000,0.000,0.000,0.000,0.000,0.000,0.000,0.000
6,100000,15.0,16.859,26.1,15.5,1.7,86.8,0.0,100.0,0.0,0.0,0.0,0.0,0.0,0.0,0.0,0.0,0.0,0.0,0.0,0.0,0.0,26.1,1021.2,1021.2,56,100.0,0.0,12.7,891,76,64,49.5,50.5,52.5,52.5,5.78,28.52,0.778,1935,0.000,0.000,100.000,0.000,0.000,0.000,0.000,0.000,0.000,0.000,0.000,0.000,0.000
7,100000,14.7,16.464,25.5,15.5,1.7,87.0,0.0,100.0,0.0,0.0,0.0,0.0,0.0,0.0,0.0,0.0,0.0,0.0,0.0,0.0,0.0,25.5,1021.7,1021.7,55,100.0,0.0,11.6,884,72,70,48.9,51.1,52.5,52.5,5.73,22.66,0.923,1935,0.000,0.000,100.000,0.000,0.000,0.000,0.000,0.000,0.000,0.000,0.000,0.000,0.000
8,100000,14.6,16.317,25.6,15.7,1.8,86.7,0.0,100.0,0.0,0.0,0.0,0.0,0.0,0.0,0.0,0.0,0.0,0.0,0.0,0.0,0.0,25.6,1021.4,1021.4,68,100.0,0.0,12.4,902,81,53,48.2,51.8,52.5,52.5,5.70,25.00,0.618,1977,0.000,0.000,100.000,0.000,0.000,0.000,0.000,0.000,0.000,0.000,0.000,0.000,0.000
9,100000,14.7,16.127,25.7,15.9,1.7,87.2,0.0,100.0,0.0,0.0,0.0,0.0,0.0,0.0,0.0,0.0,0.0,0.0,0.0,0.0,0.0,25.7,1021.6,1021.6,56,100.0,0.0,13.8,936,84,52,50.1,49.9,52.5,52.5,5.19,19.92,0.601,1941,0.000,0.000,100.000,0.000,0.000,0.000,0.000,0.000,0.000,0.000,0.000,0.000,0.000
10,100000,12.4,13.937,22.4,16.0,1.8,88.9,0.0,100.0,0.0,0.0,0.0,0.0,0.0,0.0,0.0,0.0,0.0,0.0,0.0,0.0,0.0,22.3,1021.9,1021.9,41,100.0,0.0,12.0,896,97,71,50.2,49.8,52.5,52.5,4.73,19.92,0.911,1796,0.000,0.000,100.000,0.000,0.000,0.000,0.000,0.000,0.000,0.000,0.000,0.000,0.000
11,100000,13.2,14.838,23.4,15.8,1.8,87.8,0.0,100.0,0.0,0.0,0.0,0.0,0.0,0.0,0.0,0.0,0.0,0.0,0.0,0.0,0.0,23.4,1021.7,1021.7,55,100.0,0.0,12.6,915,82,63,47.9,52.1,52.5,52.5,5.14,21.09,0.872,1847,0.000,0.000,100.000,0.000,0.000,0.000,0.000,0.000,0.000,0.000,0.000,0.000,0.000
12,100000,14.5,16.455,25.4,15.4,1.7,87.0,0.0,100.0,0.0,0.0,0.0,0.0,0.0,0.0,0.0,0.0,0.0,0.0,0.0,0.0,0.0,25.4,1021.5,1021.5,75,100.0,0.0,12.7,947,84,67,49.0,51.0,52.5,52.5,5.92,25.78,0.648,1831,0.000,0.000,100.000,0.000,0.000,0.000,0.000,0.000,0.000,0.000,0.000,0.000,0.000
13,100000,16.0,17.928,28.1,15.7,1.8,85.6,0.0,100.0,0.0,0.0,0.0,0.0,0.0,0.0,0.0,0.0,0.0,0.0,0.0,0.0,0.0,28.1,1021.0,1021.0,63,100.0,0.0,14.0,1000,101,60,48.6,51.4,52.5,52.5,5.57,22.27,0.635,1898,0.000,0.000,100.000,0.000,0.000,0.000,0.000,0.000,0.000,0.000,0.000,0.000,0.000
14,100000,15.5,17.362,26.8,15.4,1.7,86.3,0.0,100.0,0.0,0.0,0.0,0.0,0.0,0.0,0.0,0.0,0.0,0.0,0.0,0.0,0.0,26.8,1021.3,1021.3,63,100.0,0.0,13.6,997,82,61,48.9,51.1,52.5,52.5,5.67,19.53,0.862,1991,0.000,0.000,100.000,0.000,0.000,0.000,0.000,0.000,0.000,0.000,0.000,0.000,0.000
15,100000,12.8,14.317,23.3,16.2,1.8,88.2,0.0,100.0,0.0,0.0,0.0,0.0,0.0,0.0,0.0,0.0,0.0,0.0,0.0,0.0,0.0,23.2,1021.9,1021.9,52,100.0,0.0,13.4,927,83,51,49.1,50.9,52.5,52.5,4.95,23.44,0.928,1932,0.000,0.000,100.000,0.000,0.000,0.000,0.000,0.000,0.000,0.000,0.000,0.000,0.000
16,100000,13.9,15.787,24.8,15.7,1.8,87.3,0.0,100.0,0.0,0.0,0.0,0.0,0.0,0.0,0.0,0.0,0.0,0.0,0.0,0.0,0.0,24.8,1021.4,1021.4,71,100.0,0.0,16.2,1014,109,63,48.9,51.1,52.5,52.5,4.72,28.52,0.532,1815,0.000,0.000,100.000,0.000,0.000,0.000,0.000,0.000,0.000,0.000,0.000,0.000,0.000
17,100000,15.1,17.049,26.4,15.5,1.8,86.5,0.0,100.0,0.0,0.0,0.0,0.0,0.0,0.0,0.0,0.0,0.0,0.0,0.0,0.0,0.0,26.4,1021.2,1021.2,72,100.0,0.0,15.8,981,82,58,48.8,51.2,52.5,52.5,5.80,31.25,0.521,1953,0.000,0.000,100.000,0.000,0.000,0.000,0.000,0.000,0.000,0.000,0.000,0.000,0.000
18,100000,15.4,17.427,27.2,15.6,1.8,86.1,0.0,100.0,0.0,0.0,0.0,0.0,0.0,0.0,0.0,0.0,0.0,0.0,0.0,0.0,0.0,27.2,1021.2,1021.2,74,100.0,0.0,14.9,981,81,59,49.0,51.0,52.5,52.5,5.52,22.27,0.932,2114,0.000,0.000,100.000,0.000,0.000,0.000,0.000,0.000,0.000,0.000,0.000,0.000,0.000
19,100000,12.7,14.291,22.8,16.0,1.8,88.5,0.0,100.0,0.0,0.0,0.0,0.0,0.0,0.0,0.0,0.0,0.0,0.0,0.0,0.0,0.0,22.8,1022.0,1022.0,49,100.0,0.0,13.4,893,92,59,49.6,50.4,52.5,52.5,4.46,17.58,0.870,1589,0.000,0.000,100.000,0.000,0.000,0.000,0.000,0.000,0.000,0.000,0.000,0.000,0.000
20,100000,11.1,12.668,20.2,16.0,1.8,89.7,0.0,100.0,0.0,0.0,0.0,0.0,0.0,0.0,0.0,0.0,0.0,0.0,0.0,0.0,0.0,20.1,1022.0,1022.0,42,100.0,0.0,13.3,826,86,51,48.8,51.2,52.5,52.5,4.73,25.00,0.666,1578,0.000,0.000,100.000,0.000,0.000,0.000,0.000,0.000,0.000,0.000,0.000,0.000,0.000
21,100000,10.2,11.612,18.7,16.1,1.8,90.3,0.0,100.0,0.0,0.0,0.0,0.0,0.0,0.0,0.0,0.0,0.0,0.0,0.0,0.0,0.0,18.7,1022.2,1022.2,35,100.0,0.0,12.3,817,92,45,48.0,52.0,52.5,52.5,4.53,21.09,0.642,1654,0.000,0.000,100.000,0.000,0.000,0.000,0.000,0.000,0.000,0.000,0.000,0.000,0.000
22,100000,14.3,16.272,25.2,15.5,1.8,86.7,0.0,100.0,0.0,0.0,0.0,0.0,0.0,0.0,0.0,0.0,0.0,0.0,0.0,0.0,0.0,25.2,1021.6,1021.6,61,100.0,0.0,13.6,982,86,60,47.1,52.9,52.5,52.5,5.24,25.00,0.751,1861,0.000,0.000,100.000,0.000,0.000,0.000,0.000,0.000,0.000,0.000,0.000,0.000,0.000
23,100000,13.1,14.878,23.2,15.6,1.8,88.0,0.0,100.0,0.0,0.0,0.0,0.0,0.0,0.0,0.0,0.0,0.0,0.0,0.0,0.0,0.0,23.2,1021.8,1021.8,49,100.0,0.0,13.4,944,81,61,48.5,51.5,52.5,52.5,5.30,27.73,0.909,2013,0.000,0.000,100.000,0.000,0.000,0.000,0.000,0.000,0.000,0.000,0.000,0.000,0.000
24,100000,14.7,16.932,26.0,15.4,1.8,86.5,0.0,100.0,0.0,0.0,0.0,0.0,0.0,0.0,0.0,0.0,0.0,0.0,0.0,0.0,0.0,26.0,1021.5,1021.5,63,100.0,0.0,14.8,1010,74,66,48.3,51.7,52.5,52.5,5.34,23.05,0.614,1718,0.000,0.000,100.000,0.000,0.000,0.000,0.000,0.000,0.000,0.000,0.000,0.000,0.000
25,100000,14.8,16.719,26.0,15.6,1.8,86.3,0.0,100.0,0.0,0.0,0.0,0.0,0.0,0.0,0.0,0.0,0.0,0.0,0.0,0.0,0.0,26.0,1021.5,1021.5,50,100.0,0.0,14.5,1031,86,72,47.5,52.5,52.5,52.5,5.56,23.83,0.630,1985,0.000,0.000,100.000,0.000,0.000,0.000,0.000,0.000,0.000,0.000,0.000,0.000,0.000
26,100000,14.6,16.632,25.5,15.3,1.7,86.8,0.0,100.0,0.0,0.0,0.0,0.0,0.0,0.0,0.0,0.0,0.0,0.0,0.0,0.0,0.0,25.5,1021.5,1021.5,63,100.0,0.0,13.7,1033,79,66,48.2,51.8,52.5,52.5,5.72,31.64,0.943,2003,0.000,0.000,100.000,0.000,0.000,0.000,0.000,0.000,0.000,0.000,0.000,0.000,0.000
27,100000,12.7,14.429,22.3,15.4,1.7,88.2,0.0,100.0,0.0,0.0,0.0,0.0,0.0,0.0,0.0,0.0,0.0,0.0,0.0,0.0,0.0,22.2,1021.9,1021.9,41,100.0,0.0,11.6,975,94,69,46.9,53.1,52.5,52.5,5.08,17.97,0.916,1708,0.000,0.000,100.000,0.000,0.000,0.000,0.000,0.000,0.000,0.000,0.000,0.000,0.000
28,100000,14.7,16.598,25.8,15.6,1.8,86.4,0.0,100.0,0.0,0.0,0.0,0.0,0.0,0.0,0.0,0.0,0.0,0.0,0.0,0.0,0.0,25.8,1021.4,1021.4,60,100.0,0.0,13.8,1038,82,67,47.4,52.6,52.5,52.5,5.06,17.97,0.706,1717,0.000,0.000,100.000,0.000,0.000,0.000,0.000,0.000,0.000,0.000,0.000,0.000,0.000
29,100000,14.6,16.666,25.6,15.4,1.8,86.8,0.0,100.0,0.0,0.0,0.0,0.0,0.0,0.0,0.0,0.0,0.0,0.0,0.0,0.0,0.0,25.6,1021.4,1021.4,69,100.0,0.0,14.5,1065,87,70,48.4,51.6,52.5,52.5,5.75,22.27,0.626,1754,0.000,0.000,100.000,0.000,0.000,0.000,0.000,0.000,0.000,0.000,0.000,0.000,0.000
30,100000,13.6,15.534,24.0,15.4,1.8,87.4,0.0,100.0,0.0,0.0,0.0,0.0,0.0,0.0,0.0,0.0,0.0,0.0,0.0,0.0,0.0,23.9,1021.7,1021.7,61,100.0,0.0,14.0,1038,80,59,47.5,52.5,52.5,52.5,5.71,25.39,0.952,1735,0.000,0.000,100.000,0.000,0.000,0.000,0.000,0.000,0.000,0.000,0.000,0.000,0.000
31,100000,15.2,17.124,26.7,15.6,1.8,86.3,0.0,100.0,0.0,0.0,0.0,0.0,0.0,0.0,0.0,0.0,0.0,0.0,0.0,0.0,0.0,26.7,1021.4,1021.4,61,100.0,0.0,15.0,1084,79,68,48.8,51.2,52.5,52.5,5.49,25.00,0.886,1897,0.000,0.000,100.000,0.000,0.000,0.000,0.000,0.000,0.000,0.000,0.000,0.000,0.000
32,100000,16.1,18.406,28.1,15.3,1.7,85.4,0.0,100.0,0.0,0.0,0.0,0.0,0.0,0.0,0.0,0.0,0.0,0.0,0.0,0.0,0.0,28.1,1021.4,1021.4,59,100.0,0.0,16.2,1088,89,71,48.2,51.8,52.5,52.5,5.39,22.66,0.725,1828,0.000,0.000,100.000,0.000,0.000,0.000,0.000,0.000,0.000,0.000,0.000,0.000,0.000
33,100000,16.6,19.242,28.6,14.9,1.7,85.2,0.0,100.0,0.0,0.0,0.0,0.0,0.0,0.0,0.0,0.0,0.0,0.0,0.0,0.0,0.0,28.6,1021.3,1021.3,73,100.0,0.0,15.4,1036,77,61,48.4,51.6,52.5,52.5,5.79,23.44,0.619,2078,0.000,0.000,100.000,0.000,0.000,0.000,0.000,0.000,0.000,0.000,0.000,0.000,0.000
34,100000,14.4,17.074,25.1,14.7,1.7,87.1,0.0,100.0,0.0,0.0,0.0,0.0,0.0,0.0,0.0,0.0,0.0,0.0,0.0,0.0,0.0,25.0,1021.4,1021.4,55,100.0,0.0,14.5,1007,92,58,48.8,51.2,52.5,52.5,5.97,23.83,0.913,1709,0.000,0.000,100.000,0.000,0.000,0.000,0.000,0.000,0.000,0.000,0.000,0.000,0.000
35,100000,14.7,17.324,25.7,14.8,1.7,86.8,0.0,100.0,0.0,0.0,0.0,0.0,0.0,0.0,0.0,0.0,0.0,0.0,0.0,0.0,0.0,25.7,1021.5,1021.5,62,100.0,0.0,14.7,995,68,54,48.7,51.3,52.5,52.5,5.28,25.39,0.880,1736,0.000,0.000,100.000,0.000,0.000,0.000,0.000,0.000,0.000,0.000,0.000,0.000,0.000
36,100000,14.7,17.147,25.9,15.1,1.8,86.3,0.0,100.0,0.0,0.0,0.0,0.0,0.0,0.0,0.0,0.0,0.0,0.0,0.0,0.0,0.0,25.8,1021.6,1021.6,51,100.0,0.0,15.0,1057,77,69,47.1,52.9,52.5,52.5,5.29,24.22,0.577,1762,0.000,0.000,100.000,0.000,0.000,0.000,0.000,0.000,0.000,0.000,0.000,0.000,0.000
37,100000,14.0,16.444,24.5,14.9,1.7,87.4,0.0,100.0,0.0,0.0,0.0,0.0,0.0,0.0,0.0,0.0,0.0,0.0,0.0,0.0,0.0,24.5,1021.6,1021.6,60,100.0,0.0,14.9,1035,96,67,48.4,51.6,52.5,52.5,5.37,22.27,0.713,1705,0.000,0.000,100.000,0.000,0.000,0.000,0.000,0.000,0.000,0.000,0.000,0.000,0.000
38,100000,15.0,17.907,26.3,14.7,1.8,86.6,0.0,100.0,0.0,0.0,0.0,0.0,0.0,0.0,0.0,0.0,0.0,0.0,0.0,0.0,0.0,26.3,1021.7,1021.7,46,100.0,0.0,16.1,980,93,65,48.9,51.1,52.5,52.5,4.64,17.19,0.825,1975,0.000,0.000,100.000,0.000,0.000,0.000,0.000,0.000,0.000,0.000,0.000,0.000,0.000
39,100000,15.3,17.211,27.3,15.9,1.8,86.1,0.0,100.0,0.0,0.0,0.0,0.0,0.0,0.0,0.0,0.0,0.0,0.0,0.0,0.0,0.0,27.3,1021.4,1021.4,79,100.0,0.0,16.3,1054,88,55,48.9,51.1,52.5,52.5,5.28,21.09,0.900,1815,0.000,0.000,100.000,0.000,0.000,0.000,0.000,0.000,0.000,0.000,0.000,0.000,0.000
40,100000,13.5,15.391,24.2,15.7,1.8,87.5,0.0,100.0,0.0,0.0,0.0,0.0,0.0,0.0,0.0,0.0,0.0,0.0,0.0,0.0,0.0,24.2,1021.6,1021.6,56,100.0,0.0,15.0,1015,83,59,48.3,51.7,52.5,52.5,5.39,21.48,0.915,1629,0.000,0.000,100.000,0.000,0.000,0.000,0.000,0.000,0.000,0.000,0.000,0.000,0.000
41,100000,12.9,15.078,22.9,15.2,1.8,88.6,0.0,100.0,0.0,0.0,0.0,0.0,0.0,0.0,0.0,0.0,0.0,0.0,0.0,0.0,0.0,22.9,1021.8,1021.8,38,100.0,0.0,13.6,913,82,47,50.3,49.7,52.5,52.5,5.50,23.44,0.667,2109,0.000,0.000,100.000,0.000,0.000,0.000,0.000,0.000,0.000,0.000,0.000,0.000,0.000

