# win,br,misp%,MPKI,extra%,i/blk,br/blk,true_blk%,bim%,T0%,T1%,T2%,T3%,T4%,T5%,T6%,T7%,T8%,T9%,T10%,T11%,T12%,T13%,alloc_ok%,acc_avg,alloc_avg,Tlast_evict,Tlast_zu%,Tlast_avgp,coll%,Tlast_used,win_stuck,win_hard,dir_misp%,bnd_misp%,micro_p50_mpki,micro_p95_mpki,phase_delta_avg,phase_max_delta,jaccard,pingpong,cf_fb_only%,cf_tage_only%,prov_no_tag%,prov_sec_rej%,prov_meta_alt%,prov_meta_pri%,prov_no_meta%,cf_sec_fb_acc%,cf_sec_tage_acc%,ben_rej%,ben_incr%,ben_decr%,ben_ctr_avg,trace_count
0,100000,10.8625,15.0853,17.7000,17.7250,1.6250,92.3125,0.0000,100.0000,0.0000,0.0000,0.0000,0.0000,0.0000,0.0000,0.0000,0.0000,0.0000,0.0000,0.0000,0.0000,0.0000,17.5875,990.5750,990.5875,102.1250,87.5000,0.0000,3.0625,370.7500,66.5000,31.6250,61.4625,38.5375,46.2500,52.5000,4.0187,29.1013,-1.0000,962.3750,0.0000,0.0000,100.0000,0.0000,0.0000,0.0000,0.0000,0.0000,0.0000,0.0000,0.0000,0.0000,0.0000,8
1,100000,9.7375,12.5440,15.6375,21.2625,1.5250,92.5500,0.0000,100.0000,0.0000,0.0000,0.0000,0.0000,0.0000,0.0000,0.0000,0.0000,0.0000,0.0000,0.0000,0.0000,0.0000,15.3750,1022.1625,1022.1625,20.3750,75.0000,0.0000,4.5750,370.3750,101.0000,37.2500,57.2750,42.7250,43.7500,51.2500,3.8325,22.5100,0.6291,1365.3750,0.0000,0.0000,100.0000,0.0000,0.0000,0.0000,0.0000,0.0000,0.0000,0.0000,0.0000,0.0000,0.0000,8
2,100000,9.5000,11.9471,15.4250,21.3250,1.5500,92.1125,0.0000,100.0000,0.0000,0.0000,0.0000,0.0000,0.0000,0.0000,0.0000,0.0000,0.0000,0.0000,0.0000,0.0000,0.0000,15.1375,1022.2500,1022.2875,15.1250,87.5000,0.0000,5.4625,363.8750,73.5000,29.8750,50.2750,49.7250,41.2500,51.2500,3.6325,21.3400,0.6190,1651.0000,0.0000,0.0000,100.0000,0.0000,0.0000,0.0000,0.0000,0.0000,0.0000,0.0000,0.0000,0.0000,0.0000,8
3,100000,10.7286,14.4749,17.7857,14.0286,1.6286,90.9429,0.0000,100.0000,0.0000,0.0000,0.0000,0.0000,0.0000,0.0000,0.0000,0.0000,0.0000,0.0000,0.0000,0.0000,0.0000,17.4571,1022.1429,1022.2714,18.5714,100.0000,0.0000,6.8857,443.4286,128.4286,45.5714,50.4714,49.5286,50.3571,52.5000,4.1871,29.0186,0.6230,1970.1429,0.0000,0.0000,100.0000,0.0000,0.0000,0.0000,0.0000,0.0000,0.0000,0.0000,0.0000,0.0000,0.0000,7
4,100000,10.0286,12.5216,16.5143,14.0571,1.6143,91.5143,0.0000,100.0000,0.0000,0.0000,0.0000,0.0000,0.0000,0.0000,0.0000,0.0000,0.0000,0.0000,0.0000,0.0000,0.0000,16.2857,1022.3143,1022.3571,14.7143,71.4286,0.0000,8.2429,445.7143,135.2857,48.1429,49.8571,50.1429,46.7857,52.5000,3.8986,20.8714,0.5864,2141.2857,0.0000,0.0000,100.0000,0.0000,0.0000,0.0000,0.0000,0.0000,0.0000,0.0000,0.0000,0.0000,0.0000,7
5,100000,9.3286,11.5964,15.3429,14.1000,1.6286,92.1000,0.0000,100.0000,0.0000,0.0000,0.0000,0.0000,0.0000,0.0000,0.0000,0.0000,0.0000,0.0000,0.0000,0.0000,0.0000,15.0571,1022.3857,1022.4000,14.7143,100.0000,0.0000,7.9143,441.4286,122.8571,44.4286,50.4714,49.5286,50.3571,52.5000,3.9514,23.1600,0.6713,2174.7143,0.0000,0.0000,100.0000,0.0000,0.0000,0.0000,0.0000,0.0000,0.0000,0.0000,0.0000,0.0000,0.0000,7
6,100000,9.5429,11.9336,15.8714,13.8571,1.6143,91.4429,0.0000,100.0000,0.0000,0.0000,0.0000,0.0000,0.0000,0.0000,0.0000,0.0000,0.0000,0.0000,0.0000,0.0000,0.0000,15.6429,1022.3571,1022.3571,15.0000,100.0000,0.0000,8.2857,460.0000,145.5714,47.7143,47.6286,52.3714,47.5000,52.5000,3.9057,23.3286,0.5720,2042.8571,0.0000,0.0000,100.0000,0.0000,0.0000,0.0000,0.0000,0.0000,0.0000,0.0000,0.0000,0.0000,0.0000,7
7,100000,9.1143,11.6661,15.3143,13.7714,1.6286,91.7429,0.0000,100.0000,0.0000,0.0000,0.0000,0.0000,0.0000,0.0000,0.0000,0.0000,0.0000,0.0000,0.0000,0.0000,0.0000,14.9429,1022.3143,1022.4714,13.4286,100.0000,0.0000,7.6000,437.5714,115.1429,44.8571,47.7571,52.2429,48.2143,52.5000,3.8686,26.8971,0.6073,1821.7143,0.0000,0.0000,100.0000,0.0000,0.0000,0.0000,0.0000,0.0000,0.0000,0.0000,0.0000,0.0000,0.0000,7
8,100000,9.9429,12.8056,16.6143,14.3000,1.6286,91.1429,0.0000,100.0000,0.0000,0.0000,0.0000,0.0000,0.0000,0.0000,0.0000,0.0000,0.0000,0.0000,0.0000,0.0000,0.0000,16.2429,1021.9143,1022.0571,29.5714,85.7143,0.0000,8.9571,433.4286,102.5714,40.2857,48.3429,51.6571,48.9286,52.5000,4.0600,28.1800,0.5907,1904.2857,0.0000,0.0000,100.0000,0.0000,0.0000,0.0000,0.0000,0.0000,0.0000,0.0000,0.0000,0.0000,0.0000,7
9,100000,9.7500,13.9273,16.2167,11.4667,1.6333,91.3500,0.0000,100.0000,0.0000,0.0000,0.0000,0.0000,0.0000,0.0000,0.0000,0.0000,0.0000,0.0000,0.0000,0.0000,0.0000,16.0000,1022.3833,1022.3833,18.0000,100.0000,0.0000,9.8500,474.8333,132.0000,45.5000,48.2500,51.7500,50.0000,52.5000,3.4867,16.7967,0.5003,1896.5000,0.0000,0.0000,100.0000,0.0000,0.0000,0.0000,0.0000,0.0000,0.0000,0.0000,0.0000,0.0000,0.0000,6
10,100000,9.6667,14.1465,16.7333,11.7500,1.6833,91.2333,0.0000,100.0000,0.0000,0.0000,0.0000,0.0000,0.0000,0.0000,0.0000,0.0000,0.0000,0.0000,0.0000,0.0000,0.0000,16.5333,1022.4167,1022.4167,18.8333,100.0000,0.0000,9.8333,475.1667,99.0000,38.8333,48.7333,51.2667,51.6667,52.5000,3.4950,21.4183,0.4715,1915.8333,0.0000,0.0000,100.0000,0.0000,0.0000,0.0000,0.0000,0.0000,0.0000,0.0000,0.0000,0.0000,0.0000,6
11,100000,10.1167,14.7232,17.0833,11.6667,1.6667,90.9833,0.0000,100.0000,0.0000,0.0000,0.0000,0.0000,0.0000,0.0000,0.0000,0.0000,0.0000,0.0000,0.0000,0.0000,0.0000,16.9000,1022.3833,1022.3833,16.6667,100.0000,0.0000,10.3333,514.0000,153.0000,53.5000,48.4667,51.5333,52.5000,52.5000,3.7250,18.8783,0.7077,2097.6667,0.0000,0.0000,100.0000,0.0000,0.0000,0.0000,0.0000,0.0000,0.0000,0.0000,0.0000,0.0000,0.0000,6
12,100000,9.5667,13.8140,16.1833,11.4500,1.6500,91.3500,0.0000,100.0000,0.0000,0.0000,0.0000,0.0000,0.0000,0.0000,0.0000,0.0000,0.0000,0.0000,0.0000,0.0000,0.0000,15.8333,1022.3000,1022.3167,20.3333,100.0000,0.0000,9.9000,511.3333,129.8333,48.0000,48.4333,51.5667,52.5000,52.5000,3.6650,19.9217,0.7837,2051.8333,0.0000,0.0000,100.0000,0.0000,0.0000,0.0000,0.0000,0.0000,0.0000,0.0000,0.0000,0.0000,0.0000,6
13,100000,9.4333,13.0533,16.2833,12.1833,1.7667,91.3333,0.0000,100.0000,0.0000,0.0000,0.0000,0.0000,0.0000,0.0000,0.0000,0.0000,0.0000,0.0000,0.0000,0.0000,0.0000,15.9667,1022.3333,1022.3500,17.3333,83.3333,0.0000,8.5000,474.5000,112.6667,39.3333,47.8000,52.2000,46.6667,52.5000,3.5217,21.2233,0.5995,1938.0000,0.0000,0.0000,100.0000,0.0000,0.0000,0.0000,0.0000,0.0000,0.0000,0.0000,0.0000,0.0000,0.0000,6
14,100000,10.1667,14.8083,17.5667,11.5167,1.6833,90.6167,0.0000,100.0000,0.0000,0.0000,0.0000,0.0000,0.0000,0.0000,0.0000,0.0000,0.0000,0.0000,0.0000,0.0000,0.0000,17.2500,1021.9000,1021.9000,29.5000,83.3333,0.0000,9.9833,534.0000,161.5000,55.0000,48.2667,51.7333,49.1667,52.5000,3.7667,20.2483,0.5330,1945.0000,0.0000,0.0000,100.0000,0.0000,0.0000,0.0000,0.0000,0.0000,0.0000,0.0000,0.0000,0.0000,0.0000,6
15,100000,10.1333,15.7917,17.3833,11.2833,1.6833,90.5333,0.0000,100.0000,0.0000,0.0000,0.0000,0.0000,0.0000,0.0000,0.0000,0.0000,0.0000,0.0000,0.0000,0.0000,0.0000,16.5333,1021.9667,1022.0000,37.8333,100.0000,0.0000,10.3333,527.0000,132.8333,52.3333,47.6833,52.3167,47.5000,52.5000,3.8317,23.5667,0.5557,1721.0000,0.0000,0.0000,100.0000,0.0000,0.0000,0.0000,0.0000,0.0000,0.0000,0.0000,0.0000,0.0000,0.0000,6
16,100000,9.3167,13.9742,15.9833,11.6167,1.7000,91.4167,0.0000,100.0000,0.0000,0.0000,0.0000,0.0000,0.0000,0.0000,0.0000,0.0000,0.0000,0.0000,0.0000,0.0000,0.0000,15.8333,1022.3000,1022.3000,17.8333,83.3333,0.0000,10.5000,482.0000,97.3333,29.6667,46.8167,53.1833,45.8333,52.5000,3.3800,20.7683,0.5468,1830.3333,0.0000,0.0000,100.0000,0.0000,0.0000,0.0000,0.0000,0.0000,0.0000,0.0000,0.0000,0.0000,0.0000,6
17,100000,10.5667,16.6498,18.2500,11.4833,1.7333,89.9667,0.0000,100.0000,0.0000,0.0000,0.0000,0.0000,0.0000,0.0000,0.0000,0.0000,0.0000,0.0000,0.0000,0.0000,0.0000,17.8500,1022.2333,1022.2500,21.8333,100.0000,0.0000,11.0667,518.0000,132.1667,44.5000,45.6000,54.4000,50.8333,52.5000,3.7900,20.9633,0.5703,1767.8333,0.0000,0.0000,100.0000,0.0000,0.0000,0.0000,0.0000,0.0000,0.0000,0.0000,0.0000,0.0000,0.0000,6
18,100000,11.5167,14.9172,19.8500,13.1000,1.7333,89.2167,0.0000,100.0000,0.0000,0.0000,0.0000,0.0000,0.0000,0.0000,0.0000,0.0000,0.0000,0.0000,0.0000,0.0000,0.0000,19.7167,1005.8167,1005.8167,170.6667,100.0000,0.0000,11.4833,502.8333,120.8333,38.0000,45.9833,54.0167,52.5000,52.5000,3.7417,19.0117,0.5190,2093.6667,0.0000,0.0000,100.0000,0.0000,0.0000,0.0000,0.0000,0.0000,0.0000,0.0000,0.0000,0.0000,0.0000,6
19,100000,10.4200,13.3296,18.6400,14.0600,1.7600,89.7200,0.0000,100.0000,0.0000,0.0000,0.0000,0.0000,0.0000,0.0000,0.0000,0.0000,0.0000,0.0000,0.0000,0.0000,0.0000,18.3200,1022.4000,1022.4200,16.2000,80.0000,0.0000,9.2600,416.6000,54.2000,26.4000,45.7000,54.3000,52.5000,52.5000,3.9800,17.7360,0.3778,1889.8000,0.0000,0.0000,100.0000,0.0000,0.0000,0.0000,0.0000,0.0000,0.0000,0.0000,0.0000,0.0000,0.0000,5
20,100000,10.5600,15.2508,18.6400,12.8600,1.7600,90.0800,0.0000,100.0000,0.0000,0.0000,0.0000,0.0000,0.0000,0.0000,0.0000,0.0000,0.0000,0.0000,0.0000,0.0000,0.0000,18.4600,1022.2800,1022.3000,21.6000,80.0000,0.0000,11.0600,408.2000,49.2000,25.6000,46.6800,53.3200,52.5000,52.5000,3.9820,21.4080,0.3246,1875.2000,0.0000,0.0000,100.0000,0.0000,0.0000,0.0000,0.0000,0.0000,0.0000,0.0000,0.0000,0.0000,0.0000,5
21,100000,11.8800,19.1658,20.0200,12.3000,1.7000,89.0400,0.0000,100.0000,0.0000,0.0000,0.0000,0.0000,0.0000,0.0000,0.0000,0.0000,0.0000,0.0000,0.0000,0.0000,0.0000,19.8800,1021.4200,1021.4400,65.8000,100.0000,0.0000,10.3600,464.4000,70.2000,30.6000,45.4400,54.5600,52.5000,52.5000,3.9240,20.0000,0.4400,1997.0000,0.0000,0.0000,100.0000,0.0000,0.0000,0.0000,0.0000,0.0000,0.0000,0.0000,0.0000,0.0000,0.0000,5
22,100000,10.9250,16.1160,20.2500,13.1250,1.8500,88.4250,0.0000,100.0000,0.0000,0.0000,0.0000,0.0000,0.0000,0.0000,0.0000,0.0000,0.0000,0.0000,0.0000,0.0000,0.0000,19.3750,1022.2750,1022.2750,22.5000,100.0000,0.0000,10.5250,443.7500,32.0000,22.5000,43.1750,56.8250,50.0000,52.5000,3.3400,25.9750,0.5787,1705.2500,0.0000,0.0000,100.0000,0.0000,0.0000,0.0000,0.0000,0.0000,0.0000,0.0000,0.0000,0.0000,0.0000,4
23,100000,11.1250,13.8918,20.0500,14.4250,1.8250,88.8750,0.0000,100.0000,0.0000,0.0000,0.0000,0.0000,0.0000,0.0000,0.0000,0.0000,0.0000,0.0000,0.0000,0.0000,0.0000,19.9000,1022.0500,1022.2000,20.5000,100.0000,0.0000,8.4500,454.0000,35.2500,21.2500,44.8500,55.1500,52.5000,52.5000,3.6600,27.6350,0.5100,2158.7500,0.0000,0.0000,100.0000,0.0000,0.0000,0.0000,0.0000,0.0000,0.0000,0.0000,0.0000,0.0000,0.0000,4
24,100000,11.7667,17.3353,21.3333,13.0333,1.8333,89.0333,0.0000,100.0000,0.0000,0.0000,0.0000,0.0000,0.0000,0.0000,0.0000,0.0000,0.0000,0.0000,0.0000,0.0000,0.0000,21.3333,1020.8667,1020.8667,81.3333,100.0000,0.0000,12.8333,672.6667,46.0000,33.3333,48.0333,51.9667,52.5000,52.5000,4.6933,24.2200,0.4387,1178.6667,0.0000,0.0000,100.0000,0.0000,0.0000,0.0000,0.0000,0.0000,0.0000,0.0000,0.0000,0.0000,0.0000,3
25,100000,9.6333,13.8660,18.0000,13.3667,1.9000,90.6000,0.0000,100.0000,0.0000,0.0000,0.0000,0.0000,0.0000,0.0000,0.0000,0.0000,0.0000,0.0000,0.0000,0.0000,0.0000,17.9333,1020.8667,1020.8667,75.0000,100.0000,0.0000,11.3667,666.6667,58.3333,37.0000,47.5333,52.4667,49.1667,52.5000,4.3400,27.8667,0.4810,1269.3333,0.0000,0.0000,100.0000,0.0000,0.0000,0.0000,0.0000,0.0000,0.0000,0.0000,0.0000,0.0000,0.0000,3
26,100000,9.9000,14.2233,18.5333,13.4667,1.8667,90.4333,0.0000,100.0000,0.0000,0.0000,0.0000,0.0000,0.0000,0.0000,0.0000,0.0000,0.0000,0.0000,0.0000,0.0000,0.0000,18.3333,1019.5000,1021.4000,51.6667,100.0000,0.0000,9.9333,599.3333,45.0000,32.6667,47.0333,52.9667,50.8333,52.5000,3.9700,26.5633,0.6580,1218.3333,0.0000,0.0000,100.0000,0.0000,0.0000,0.0000,0.0000,0.0000,0.0000,0.0000,0.0000,0.0000,0.0000,3
27,100000,11.2000,19.6077,20.8000,12.5000,1.8000,89.4333,0.0000,100.0000,0.0000,0.0000,0.0000,0.0000,0.0000,0.0000,0.0000,0.0000,0.0000,0.0000,0.0000,0.0000,0.0000,20.5000,1013.4000,1014.3000,191.0000,100.0000,0.0000,10.9667,670.6667,59.3333,46.3333,47.6333,52.3667,50.8333,52.5000,4.2433,38.6733,0.6727,1246.3333,0.0000,0.0000,100.0000,0.0000,0.0000,0.0000,0.0000,0.0000,0.0000,0.0000,0.0000,0.0000,0.0000,3
28,100000,16.0000,28.8045,27.5500,11.3500,1.7500,86.5500,0.0000,100.0000,0.0000,0.0000,0.0000,0.0000,0.0000,0.0000,0.0000,0.0000,0.0000,0.0000,0.0000,0.0000,0.0000,26.9000,1012.6500,1018.0500,210.0000,100.0000,0.0000,14.5500,798.0000,105.0000,76.0000,50.9500,49.0500,52.5000,52.5000,4.9750,45.1200,0.4230,1235.5000,0.0000,0.0000,100.0000,0.0000,0.0000,0.0000,0.0000,0.0000,0.0000,0.0000,0.0000,0.0000,0.0000,2
29,100000,14.4000,23.9900,26.2500,12.0000,1.8500,86.6500,0.0000,100.0000,0.0000,0.0000,0.0000,0.0000,0.0000,0.0000,0.0000,0.0000,0.0000,0.0000,0.0000,0.0000,0.0000,26.2500,1019.7500,1019.7500,126.0000,100.0000,0.0000,15.1500,708.0000,56.5000,44.0000,49.1000,50.9000,52.5000,52.5000,5.1450,19.1450,0.3605,1276.0000,0.0000,0.0000,100.0000,0.0000,0.0000,0.0000,0.0000,0.0000,0.0000,0.0000,0.0000,0.0000,0.0000,2
30,100000,12.8500,22.5425,22.4000,11.2000,1.7500,88.5000,0.0000,100.0000,0.0000,0.0000,0.0000,0.0000,0.0000,0.0000,0.0000,0.0000,0.0000,0.0000,0.0000,0.0000,0.0000,21.6500,1019.2500,1021.5000,84.5000,100.0000,0.0000,15.1500,751.0000,119.5000,50.5000,48.7500,51.2500,52.5000,52.5000,5.2700,58.4000,0.5315,1219.5000,0.0000,0.0000,100.0000,0.0000,0.0000,0.0000,0.0000,0.0000,0.0000,0.0000,0.0000,0.0000,0.0000,2
31,100000,13.7500,21.6405,25.9500,12.6000,1.9500,86.8500,0.0000,100.0000,0.0000,0.0000,0.0000,0.0000,0.0000,0.0000,0.0000,0.0000,0.0000,0.0000,0.0000,0.0000,0.0000,25.9000,1020.0500,1020.1000,137.0000,100.0000,0.0000,17.4000,786.0000,94.0000,58.5000,49.4000,50.6000,52.5000,52.5000,5.8900,25.9750,0.6380,1439.5000,0.0000,0.0000,100.0000,0.0000,0.0000,0.0000,0.0000,0.0000,0.0000,0.0000,0.0000,0.0000,0.0000,2
32,100000,13.3000,20.3430,24.6000,12.4000,1.8500,87.3000,0.0000,100.0000,0.0000,0.0000,0.0000,0.0000,0.0000,0.0000,0.0000,0.0000,0.0000,0.0000,0.0000,0.0000,0.0000,24.6000,1020.6500,1020.6500,101.0000,100.0000,0.0000,17.7000,797.5000,101.5000,61.0000,48.5500,51.4500,52.5000,52.5000,5.5800,24.4150,0.7140,1521.0000,0.0000,0.0000,100.0000,0.0000,0.0000,0.0000,0.0000,0.0000,0.0000,0.0000,0.0000,0.0000,0.0000,2
33,100000,12.9000,18.2990,23.4000,12.7000,1.8500,87.8000,0.0000,100.0000,0.0000,0.0000,0.0000,0.0000,0.0000,0.0000,0.0000,0.0000,0.0000,0.0000,0.0000,0.0000,0.0000,23.3000,1017.3000,1017.3000,200.5000,100.0000,0.0000,15.0000,741.0000,83.0000,44.0000,47.9000,52.1000,52.5000,52.5000,4.7050,22.0700,0.4405,1255.5000,0.0000,0.0000,100.0000,0.0000,0.0000,0.0000,0.0000,0.0000,0.0000,0.0000,0.0000,0.0000,0.0000,2
34,100000,14.3000,25.9860,27.6000,11.6500,1.9000,85.9500,0.0000,100.0000,0.0000,0.0000,0.0000,0.0000,0.0000,0.0000,0.0000,0.0000,0.0000,0.0000,0.0000,0.0000,0.0000,27.5500,1016.0000,1016.0000,143.5000,100.0000,0.0000,13.2500,624.5000,56.5000,36.0000,49.1500,50.8500,52.5000,52.5000,5.1100,22.6550,0.4690,1260.5000,0.0000,0.0000,100.0000,0.0000,0.0000,0.0000,0.0000,0.0000,0.0000,0.0000,0.0000,0.0000,0.0000,2
35,100000,10.9500,16.2225,19.8000,12.0000,1.8000,89.5500,0.0000,100.0000,0.0000,0.0000,0.0000,0.0000,0.0000,0.0000,0.0000,0.0000,0.0000,0.0000,0.0000,0.0000,0.0000,19.7500,1021.2000,1021.2000,76.5000,100.0000,0.0000,11.9500,558.0000,43.0000,30.5000,46.5500,53.4500,52.5000,52.5000,4.1750,23.4350,0.5195,1073.0000,0.0000,0.0000,100.0000,0.0000,0.0000,0.0000,0.0000,0.0000,0.0000,0.0000,0.0000,0.0000,0.0000,2
36,100000,14.3500,25.4725,25.9000,11.4000,1.8000,86.5500,0.0000,100.0000,0.0000,0.0000,0.0000,0.0000,0.0000,0.0000,0.0000,0.0000,0.0000,0.0000,0.0000,0.0000,0.0000,25.8500,1021.5000,1021.5000,64.5000,100.0000,0.0000,16.4500,678.0000,90.5000,52.5000,48.0500,51.9500,52.5000,52.5000,4.8400,27.1500,0.3015,1278.5000,0.0000,0.0000,100.0000,0.0000,0.0000,0.0000,0.0000,0.0000,0.0000,0.0000,0.0000,0.0000,0.0000,2
37,100000,12.8500,22.2665,22.9500,11.2500,1.7500,88.0500,0.0000,100.0000,0.0000,0.0000,0.0000,0.0000,0.0000,0.0000,0.0000,0.0000,0.0000,0.0000,0.0000,0.0000,0.0000,22.9000,1021.9500,1021.9500,45.5000,100.0000,0.0000,15.7500,633.0000,91.0000,47.0000,47.7500,52.2500,52.5000,52.5000,4.6850,18.9450,0.6175,1561.0000,0.0000,0.0000,100.0000,0.0000,0.0000,0.0000,0.0000,0.0000,0.0000,0.0000,0.0000,0.0000,0.0000,2
38,100000,13.7500,23.6725,24.9000,11.3500,1.8500,87.3500,0.0000,100.0000,0.0000,0.0000,0.0000,0.0000,0.0000,0.0000,0.0000,0.0000,0.0000,0.0000,0.0000,0.0000,0.0000,24.8500,1018.8500,1018.8500,112.0000,100.0000,0.0000,16.5500,722.0000,109.5000,48.0000,49.0500,50.9500,52.5000,52.5000,4.1700,16.9950,0.6250,1597.0000,0.0000,0.0000,100.0000,0.0000,0.0000,0.0000,0.0000,0.0000,0.0000,0.0000,0.0000,0.0000,0.0000,2
39,100000,10.4500,14.9540,19.2500,12.3500,1.9000,90.0000,0.0000,100.0000,0.0000,0.0000,0.0000,0.0000,0.0000,0.0000,0.0000,0.0000,0.0000,0.0000,0.0000,0.0000,0.0000,19.2000,1018.6500,1018.6500,109.5000,100.0000,0.0000,15.8000,638.0000,80.5000,39.0000,47.3500,52.6500,47.5000,52.5000,4.0950,23.4350,0.5825,1139.5000,0.0000,0.0000,100.0000,0.0000,0.0000,0.0000,0.0000,0.0000,0.0000,0.0000,0.0000,0.0000,0.0000,2
40,100000,10.7000,16.0495,19.7000,12.4000,1.8500,89.4500,0.0000,100.0000,0.0000,0.0000,0.0000,0.0000,0.0000,0.0000,0.0000,0.0000,0.0000,0.0000,0.0000,0.0000,0.0000,19.6500,1016.9500,1016.9500,163.5000,100.0000,0.0000,12.1500,642.5000,59.0000,37.0000,45.9000,54.1000,52.5000,52.5000,4.2600,21.2850,0.4905,1145.5000,0.0000,0.0000,100.0000,0.0000,0.0000,0.0000,0.0000,0.0000,0.0000,0.0000,0.0000,0.0000,0.0000,2
41,100000,14.1000,21.1540,27.1000,13.3500,1.9000,86.4500,0.0000,100.0000,0.0000,0.0000,0.0000,0.0000,0.0000,0.0000,0.0000,0.0000,0.0000,0.0000,0.0000,0.0000,0.0000,27.1000,871.2500,871.6000,1122.0000,100.0000,0.0000,19.0500,760.0000,73.0000,35.5000,50.1000,49.9000,52.5000,52.5000,4.7650,22.8550,0.3740,1594.5000,0.0000,0.0000,100.0000,0.0000,0.0000,0.0000,0.0000,0.0000,0.0000,0.0000,0.0000,0.0000,0.0000,2
42,100000,10.9000,21.1170,21.5000,10.2000,2.0000,89.4000,0.0000,100.0000,0.0000,0.0000,0.0000,0.0000,0.0000,0.0000,0.0000,0.0000,0.0000,0.0000,0.0000,0.0000,0.0000,21.5000,1022.0000,1022.0000,68.0000,100.0000,0.0000,20.2000,364.0000,111.0000,38.0000,50.9000,49.1000,52.5000,52.5000,4.1400,19.5300,0.2670,691.0000,0.0000,0.0000,100.0000,0.0000,0.0000,0.0000,0.0000,0.0000,0.0000,0.0000,0.0000,0.0000,0.0000,1
43,100000,11.4000,25.9310,22.7000,8.7000,2.0000,88.8000,0.0000,100.0000,0.0000,0.0000,0.0000,0.0000,0.0000,0.0000,0.0000,0.0000,0.0000,0.0000,0.0000,0.0000,0.0000,22.6000,1021.9000,1021.9000,65.0000,100.0000,0.0000,17.4000,345.0000,97.0000,43.0000,50.4000,49.6000,52.5000,52.5000,4.1900,19.1400,0.5030,1367.0000,0.0000,0.0000,100.0000,0.0000,0.0000,0.0000,0.0000,0.0000,0.0000,0.0000,0.0000,0.0000,0.0000,1
44,100000,12.9000,22.9330,22.1000,9.6000,1.7000,88.7000,0.0000,100.0000,0.0000,0.0000,0.0000,0.0000,0.0000,0.0000,0.0000,0.0000,0.0000,0.0000,0.0000,0.0000,0.0000,21.9000,1020.8000,1020.8000,151.0000,100.0000,0.0000,16.2000,424.0000,82.0000,46.0000,49.0000,51.0000,52.5000,52.5000,4.1000,21.8800,0.1050,627.0000,0.0000,0.0000,100.0000,0.0000,0.0000,0.0000,0.0000,0.0000,0.0000,0.0000,0.0000,0.0000,0.0000,1
45,100000,16.1000,34.1350,25.7000,7.5000,1.6000,87.9000,0.0000,100.0000,0.0000,0.0000,0.0000,0.0000,0.0000,0.0000,0.0000,0.0000,0.0000,0.0000,0.0000,0.0000,0.0000,25.2000,1015.5000,1018.6000,302.0000,100.0000,0.0000,19.4000,738.0000,272.0000,160.0000,53.1000,46.9000,52.5000,52.5000,6.4100,77.7300,0.1170,684.0000,0.0000,0.0000,100.0000,0.0000,0.0000,0.0000,0.0000,0.0000,0.0000,0.0000,0.0000,0.0000,0.0000,1
46,100000,7.5000,17.6500,15.2000,8.6000,2.0000,92.4000,0.0000,100.0000,0.0000,0.0000,0.0000,0.0000,0.0000,0.0000,0.0000,0.0000,0.0000,0.0000,0.0000,0.0000,0.0000,14.9000,1015.6000,1015.6000,338.0000,100.0000,0.0000,18.9000,498.0000,143.0000,43.0000,49.7000,50.3000,47.5000,52.5000,3.5500,36.7200,0.1270,425.0000,0.0000,0.0000,100.0000,0.0000,0.0000,0.0000,0.0000,0.0000,0.0000,0.0000,0.0000,0.0000,0.0000,1
