# win,br,misp%,MPKI,extra%,i/blk,br/blk,true_blk%,bim%,T0%,T1%,T2%,T3%,T4%,T5%,T6%,T7%,T8%,T9%,T10%,T11%,T12%,T13%,alloc_ok%,acc_avg,alloc_avg,Tlast_evict,Tlast_zu%,Tlast_avgp,coll%,Tlast_used,win_stuck,win_hard,dir_misp%,bnd_misp%,micro_p50_mpki,micro_p95_mpki,phase_delta_avg,phase_max_delta,jaccard,pingpong,cf_fb_only%,cf_tage_only%,prov_no_tag%,prov_sec_rej%,prov_meta_alt%,prov_meta_pri%,prov_no_meta%,cf_sec_fb_acc%,cf_sec_tage_acc%,ben_rej%,ben_incr%,ben_decr%,ben_ctr_avg
0,100000,11.1,23.077,18.3,7.9,1.6,92.0,0.0,100.0,0.0,0.0,0.0,0.0,0.0,0.0,0.0,0.0,0.0,0.0,0.0,0.0,0.0,18.3,1006.7,1006.7,23,100.0,0.0,4.9,425,85,64,56.5,43.5,52.5,52.5,4.95,33.20,-1.000,424,0.000,0.000,100.000,0.000,0.000,0.000,0.000,0.000,0.000,0.000,0.000,0.000,0.000
1,100000,7.6,15.765,12.2,7.7,1.6,94.3,0.0,100.0,0.0,0.0,0.0,0.0,0.0,0.0,0.0,0.0,0.0,0.0,0.0,0.0,0.0,11.7,1022.6,1022.6,9,100.0,0.0,6.5,300,86,39,52.8,47.2,52.5,52.5,3.97,27.34,0.266,457,0.000,0.000,100.000,0.000,0.000,0.000,0.000,0.000,0.000,0.000,0.000,0.000,0.000
2,100000,9.2,19.459,14.1,7.2,1.5,93.4,0.0,100.0,0.0,0.0,0.0,0.0,0.0,0.0,0.0,0.0,0.0,0.0,0.0,0.0,0.0,13.4,1022.4,1022.4,7,100.0,0.0,9.2,265,76,25,52.8,47.2,52.5,52.5,4.28,24.61,0.318,368,0.000,0.000,100.000,0.000,0.000,0.000,0.000,0.000,0.000,0.000,0.000,0.000,0.000
3,100000,11.5,23.544,19.4,8.2,1.7,91.5,0.0,100.0,0.0,0.0,0.0,0.0,0.0,0.0,0.0,0.0,0.0,0.0,0.0,0.0,0.0,19.3,1021.7,1021.7,26,100.0,0.0,11.0,452,264,79,56.1,43.9,52.5,52.5,4.82,41.41,0.041,692,0.000,0.000,100.000,0.000,0.000,0.000,0.000,0.000,0.000,0.000,0.000,0.000,0.000
4,100000,8.4,15.773,14.8,9.4,1.8,93.1,0.0,100.0,0.0,0.0,0.0,0.0,0.0,0.0,0.0,0.0,0.0,0.0,0.0,0.0,0.0,14.7,1022.4,1022.4,16,100.0,0.0,16.9,463,310,89,53.5,46.5,52.5,52.5,4.51,24.22,0.706,1150,0.000,0.000,100.000,0.000,0.000,0.000,0.000,0.000,0.000,0.000,0.000,0.000,0.000
5,100000,6.8,12.783,12.2,9.5,1.8,94.4,0.0,100.0,0.0,0.0,0.0,0.0,0.0,0.0,0.0,0.0,0.0,0.0,0.0,0.0,0.0,12.0,1022.4,1022.4,17,100.0,0.0,15.6,467,305,86,53.8,46.2,52.5,52.5,4.51,30.47,0.697,987,0.000,0.000,100.000,0.000,0.000,0.000,0.000,0.000,0.000,0.000,0.000,0.000,0.000
6,100000,6.7,12.550,11.9,9.5,1.8,94.2,0.0,100.0,0.0,0.0,0.0,0.0,0.0,0.0,0.0,0.0,0.0,0.0,0.0,0.0,0.0,11.7,1022.5,1022.5,19,100.0,0.0,15.3,513,329,92,51.5,48.5,52.5,52.5,4.04,21.88,0.625,1135,0.000,0.000,100.000,0.000,0.000,0.000,0.000,0.000,0.000,0.000,0.000,0.000,0.000
7,100000,5.5,10.840,9.6,8.8,1.7,95.3,0.0,100.0,0.0,0.0,0.0,0.0,0.0,0.0,0.0,0.0,0.0,0.0,0.0,0.0,0.0,9.3,1022.7,1022.7,14,100.0,0.0,13.5,434,249,85,50.7,49.3,47.5,52.5,3.56,27.34,0.626,721,0.000,0.000,100.000,0.000,0.000,0.000,0.000,0.000,0.000,0.000,0.000,0.000,0.000
8,100000,9.5,19.283,15.4,8.0,1.6,92.5,0.0,100.0,0.0,0.0,0.0,0.0,0.0,0.0,0.0,0.0,0.0,0.0,0.0,0.0,0.0,15.3,1020.2,1020.2,103,100.0,0.0,16.6,498,118,61,51.4,48.6,52.5,52.5,4.48,46.88,0.070,346,0.000,0.000,100.000,0.000,0.000,0.000,0.000,0.000,0.000,0.000,0.000,0.000,0.000
9,100000,6.9,14.236,10.9,7.6,1.6,94.3,0.0,100.0,0.0,0.0,0.0,0.0,0.0,0.0,0.0,0.0,0.0,0.0,0.0,0.0,0.0,10.3,1022.7,1022.7,17,100.0,0.0,13.9,247,84,28,47.8,52.2,52.5,52.5,3.43,21.48,0.154,562,0.000,0.000,100.000,0.000,0.000,0.000,0.000,0.000,0.000,0.000,0.000,0.000,0.000
10,100000,10.0,19.437,17.0,8.8,1.7,91.4,0.0,100.0,0.0,0.0,0.0,0.0,0.0,0.0,0.0,0.0,0.0,0.0,0.0,0.0,0.0,17.0,1022.3,1022.3,39,100.0,0.0,18.9,467,187,64,49.2,50.8,52.5,52.5,3.85,24.61,0.184,1201,0.000,0.000,100.000,0.000,0.000,0.000,0.000,0.000,0.000,0.000,0.000,0.000,0.000
11,100000,7.4,14.076,12.8,9.1,1.7,93.3,0.0,100.0,0.0,0.0,0.0,0.0,0.0,0.0,0.0,0.0,0.0,0.0,0.0,0.0,0.0,12.6,1022.6,1022.6,20,100.0,0.0,16.5,481,198,72,47.4,52.6,52.5,52.5,3.28,21.09,0.986,1418,0.000,0.000,100.000,0.000,0.000,0.000,0.000,0.000,0.000,0.000,0.000,0.000,0.000
12,100000,6.3,12.615,9.9,7.9,1.6,95.2,0.0,100.0,0.0,0.0,0.0,0.0,0.0,0.0,0.0,0.0,0.0,0.0,0.0,0.0,0.0,8.8,1022.0,1022.1,30,100.0,0.0,15.5,430,114,42,51.7,48.3,52.5,52.5,3.74,32.03,0.425,902,0.000,0.000,100.000,0.000,0.000,0.000,0.000,0.000,0.000,0.000,0.000,0.000,0.000
13,100000,2.8,5.554,6.3,11.4,2.2,96.7,0.0,100.0,0.0,0.0,0.0,0.0,0.0,0.0,0.0,0.0,0.0,0.0,0.0,0.0,0.0,5.3,1022.8,1022.8,7,100.0,0.0,6.3,141,76,11,47.7,52.3,17.5,52.5,2.70,21.48,0.073,153,0.000,0.000,100.000,0.000,0.000,0.000,0.000,0.000,0.000,0.000,0.000,0.000,0.000
14,100000,11.5,24.024,20.5,8.5,1.8,90.2,0.0,100.0,0.0,0.0,0.0,0.0,0.0,0.0,0.0,0.0,0.0,0.0,0.0,0.0,0.0,20.1,1019.7,1019.7,101,100.0,0.0,16.3,641,343,107,52.1,47.9,52.5,52.5,5.73,34.38,0.179,513,0.000,0.000,100.000,0.000,0.000,0.000,0.000,0.000,0.000,0.000,0.000,0.000,0.000
15,100000,12.1,25.746,19.7,7.7,1.6,90.3,0.0,100.0,0.0,0.0,0.0,0.0,0.0,0.0,0.0,0.0,0.0,0.0,0.0,0.0,0.0,19.6,1019.9,1020.0,153,100.0,0.0,21.1,733,359,132,50.9,49.1,52.5,52.5,6.01,30.86,0.468,876,0.000,0.000,100.000,0.000,0.000,0.000,0.000,0.000,0.000,0.000,0.000,0.000,0.000
16,100000,7.2,14.639,11.6,7.9,1.6,94.1,0.0,100.0,0.0,0.0,0.0,0.0,0.0,0.0,0.0,0.0,0.0,0.0,0.0,0.0,0.0,11.1,1022.2,1022.2,17,100.0,0.0,16.2,415,78,29,48.7,51.3,52.5,52.5,3.70,32.03,0.204,865,0.000,0.000,100.000,0.000,0.000,0.000,0.000,0.000,0.000,0.000,0.000,0.000,0.000
17,100000,10.0,19.678,15.7,8.0,1.6,92.1,0.0,100.0,0.0,0.0,0.0,0.0,0.0,0.0,0.0,0.0,0.0,0.0,0.0,0.0,0.0,15.4,1022.5,1022.5,30,100.0,0.0,15.4,444,164,59,49.7,50.3,52.5,52.5,3.90,29.30,0.289,994,0.000,0.000,100.000,0.000,0.000,0.000,0.000,0.000,0.000,0.000,0.000,0.000,0.000
18,100000,6.3,11.762,10.0,8.5,1.6,94.9,0.0,100.0,0.0,0.0,0.0,0.0,0.0,0.0,0.0,0.0,0.0,0.0,0.0,0.0,0.0,9.7,1022.5,1022.5,26,100.0,0.0,14.6,410,223,65,48.6,51.4,52.5,52.5,3.14,19.92,0.239,498,0.000,0.000,100.000,0.000,0.000,0.000,0.000,0.000,0.000,0.000,0.000,0.000,0.000
19,100000,7.4,14.615,11.9,8.2,1.6,93.7,0.0,100.0,0.0,0.0,0.0,0.0,0.0,0.0,0.0,0.0,0.0,0.0,0.0,0.0,0.0,11.7,1022.6,1022.7,20,100.0,0.0,17.4,420,137,54,47.1,52.9,52.5,52.5,3.78,20.70,0.289,895,0.000,0.000,100.000,0.000,0.000,0.000,0.000,0.000,0.000,0.000,0.000,0.000,0.000
20,100000,8.8,17.560,13.3,7.6,1.5,93.1,0.0,100.0,0.0,0.0,0.0,0.0,0.0,0.0,0.0,0.0,0.0,0.0,0.0,0.0,0.0,13.1,1022.5,1022.5,26,100.0,0.0,14.2,342,103,39,47.9,52.1,52.5,52.5,5.26,30.08,0.214,939,0.000,0.000,100.000,0.000,0.000,0.000,0.000,0.000,0.000,0.000,0.000,0.000,0.000
21,100000,9.6,20.166,16.0,7.9,1.7,91.8,0.0,100.0,0.0,0.0,0.0,0.0,0.0,0.0,0.0,0.0,0.0,0.0,0.0,0.0,0.0,15.9,1021.0,1021.0,105,100.0,0.0,16.8,388,149,46,48.8,51.2,52.5,52.5,4.87,24.22,0.105,625,0.000,0.000,100.000,0.000,0.000,0.000,0.000,0.000,0.000,0.000,0.000,0.000,0.000

