# win,br,misp%,MPKI,extra%,i/blk,br/blk,true_blk%,bim%,T0%,T1%,T2%,T3%,T4%,T5%,T6%,T7%,T8%,T9%,T10%,T11%,T12%,T13%,alloc_ok%,acc_avg,alloc_avg,Tlast_evict,Tlast_zu%,Tlast_avgp,coll%,Tlast_used,win_stuck,win_hard,dir_misp%,bnd_misp%,micro_p50_mpki,micro_p95_mpki,phase_delta_avg,phase_max_delta,jaccard,pingpong,cf_fb_only%,cf_tage_only%,prov_no_tag%,prov_sec_rej%,prov_meta_alt%,prov_meta_pri%,prov_no_meta%,cf_sec_fb_acc%,cf_sec_tage_acc%,ben_rej%,ben_incr%,ben_decr%,ben_ctr_avg,trace_count
0,100000,10.9875,15.2904,17.9125,17.6625,1.6250,92.1500,0.0000,100.0000,0.0000,0.0000,0.0000,0.0000,0.0000,0.0000,0.0000,0.0000,0.0000,0.0000,0.0000,0.0000,0.0000,17.6500,991.1625,991.1875,110.0000,100.0000,0.0000,0.8750,255.8750,66.3750,31.6250,60.9000,39.1000,46.2500,52.5000,4.1600,30.0275,-1.0000,913.7500,0.0000,0.0000,100.0000,0.0000,0.0000,0.0000,0.0000,0.0000,0.0000,0.0000,0.0000,0.0000,0.0000,8
1,100000,10.0375,12.7674,16.0375,21.2000,1.5250,92.3250,0.0000,100.0000,0.0000,0.0000,0.0000,0.0000,0.0000,0.0000,0.0000,0.0000,0.0000,0.0000,0.0000,0.0000,0.0000,15.3125,1022.2250,1022.2375,18.5000,75.0000,0.0000,1.7625,247.6250,100.1250,37.2500,55.5000,44.5000,44.3750,52.5000,3.7900,22.9988,0.6291,1340.8750,0.0000,0.0000,100.0000,0.0000,0.0000,0.0000,0.0000,0.0000,0.0000,0.0000,0.0000,0.0000,0.0000,8
2,100000,9.9750,12.2546,16.0375,21.2625,1.5250,91.8125,0.0000,100.0000,0.0000,0.0000,0.0000,0.0000,0.0000,0.0000,0.0000,0.0000,0.0000,0.0000,0.0000,0.0000,0.0000,15.0500,1022.2750,1022.3375,17.0000,75.0000,0.0000,2.2000,253.6250,71.3750,29.8750,52.1375,47.8625,43.7500,51.8750,3.6513,22.0213,0.6190,1631.8750,0.0000,0.0000,100.0000,0.0000,0.0000,0.0000,0.0000,0.0000,0.0000,0.0000,0.0000,0.0000,0.0000,8
3,100000,11.2286,14.9296,18.5429,13.9857,1.6286,90.7143,0.0000,100.0000,0.0000,0.0000,0.0000,0.0000,0.0000,0.0000,0.0000,0.0000,0.0000,0.0000,0.0000,0.0000,0.0000,17.2143,1022.0429,1022.2714,17.8571,71.4286,0.0000,3.2857,298.5714,124.0000,45.5714,51.0429,48.9571,51.0714,52.5000,4.2143,30.2471,0.6230,1902.4286,0.0000,0.0000,100.0000,0.0000,0.0000,0.0000,0.0000,0.0000,0.0000,0.0000,0.0000,0.0000,0.0000,7
4,100000,10.2571,12.6703,16.7857,14.0286,1.6143,91.2857,0.0000,100.0000,0.0000,0.0000,0.0000,0.0000,0.0000,0.0000,0.0000,0.0000,0.0000,0.0000,0.0000,0.0000,0.0000,15.7286,1022.3571,1022.3857,13.8571,85.7143,0.0000,3.8857,305.0000,136.8571,48.1429,49.2571,50.7429,47.5000,52.5000,3.8329,17.6314,0.5864,2051.2857,0.0000,0.0000,100.0000,0.0000,0.0000,0.0000,0.0000,0.0000,0.0000,0.0000,0.0000,0.0000,0.0000,7
5,100000,9.4857,11.7293,15.5857,14.0429,1.6143,91.7714,0.0000,100.0000,0.0000,0.0000,0.0000,0.0000,0.0000,0.0000,0.0000,0.0000,0.0000,0.0000,0.0000,0.0000,0.0000,14.4714,1022.4143,1022.4571,13.8571,100.0000,0.0000,3.8429,304.1429,121.7143,44.4286,49.0714,50.9286,49.6429,52.5000,3.7986,20.0886,0.6713,2006.0000,0.0000,0.0000,100.0000,0.0000,0.0000,0.0000,0.0000,0.0000,0.0000,0.0000,0.0000,0.0000,0.0000,7
6,100000,10.2000,12.4744,16.7429,13.7286,1.6000,90.8286,0.0000,100.0000,0.0000,0.0000,0.0000,0.0000,0.0000,0.0000,0.0000,0.0000,0.0000,0.0000,0.0000,0.0000,0.0000,15.4286,1022.3000,1022.3857,16.5714,85.7143,0.0000,4.1714,315.2857,143.0000,47.7143,46.5143,53.4857,47.5000,52.5000,3.9871,22.3743,0.5720,2031.8571,0.0000,0.0000,100.0000,0.0000,0.0000,0.0000,0.0000,0.0000,0.0000,0.0000,0.0000,0.0000,0.0000,7
7,100000,9.7000,12.3309,16.1429,13.6286,1.6286,90.9429,0.0000,100.0000,0.0000,0.0000,0.0000,0.0000,0.0000,0.0000,0.0000,0.0000,0.0000,0.0000,0.0000,0.0000,0.0000,14.3143,1022.3857,1022.4714,13.0000,85.7143,0.0000,3.9143,310.0000,115.4286,44.8571,45.2429,54.7571,48.2143,52.5000,3.8700,23.7714,0.6073,1711.0000,0.0000,0.0000,100.0000,0.0000,0.0000,0.0000,0.0000,0.0000,0.0000,0.0000,0.0000,0.0000,0.0000,7
8,100000,10.6714,13.3557,17.6286,14.1286,1.6000,90.3571,0.0000,100.0000,0.0000,0.0000,0.0000,0.0000,0.0000,0.0000,0.0000,0.0000,0.0000,0.0000,0.0000,0.0000,0.0000,15.4143,1021.8429,1022.1143,31.1429,100.0000,0.0000,4.6286,304.7143,104.5714,40.2857,46.3429,53.6571,48.2143,52.5000,3.9614,22.6000,0.5907,1796.4286,0.0000,0.0000,100.0000,0.0000,0.0000,0.0000,0.0000,0.0000,0.0000,0.0000,0.0000,0.0000,0.0000,7
9,100000,10.1000,14.2635,16.7833,11.4333,1.6333,91.1167,0.0000,100.0000,0.0000,0.0000,0.0000,0.0000,0.0000,0.0000,0.0000,0.0000,0.0000,0.0000,0.0000,0.0000,0.0000,15.5000,1022.3667,1022.4167,19.6667,100.0000,0.0000,5.3500,334.6667,134.1667,45.5000,47.3000,52.7000,48.3333,52.5000,3.3300,15.3650,0.5003,1906.8333,0.0000,0.0000,100.0000,0.0000,0.0000,0.0000,0.0000,0.0000,0.0000,0.0000,0.0000,0.0000,0.0000,6
10,100000,10.3333,15.0678,17.6667,11.6167,1.6833,90.4667,0.0000,100.0000,0.0000,0.0000,0.0000,0.0000,0.0000,0.0000,0.0000,0.0000,0.0000,0.0000,0.0000,0.0000,0.0000,15.9833,1022.3667,1022.4167,18.6667,100.0000,0.0000,4.7500,331.6667,103.5000,38.8333,47.7167,52.2833,51.6667,52.5000,3.5783,22.5917,0.4715,1938.6667,0.0000,0.0000,100.0000,0.0000,0.0000,0.0000,0.0000,0.0000,0.0000,0.0000,0.0000,0.0000,0.0000,6
11,100000,10.5833,15.5155,17.8167,11.5833,1.6500,90.5333,0.0000,100.0000,0.0000,0.0000,0.0000,0.0000,0.0000,0.0000,0.0000,0.0000,0.0000,0.0000,0.0000,0.0000,0.0000,16.2500,1022.3333,1022.3833,17.1667,100.0000,0.0000,5.2667,360.1667,155.0000,53.5000,48.2333,51.7667,52.5000,52.5000,3.8167,24.4783,0.7077,2025.0000,0.0000,0.0000,100.0000,0.0000,0.0000,0.0000,0.0000,0.0000,0.0000,0.0000,0.0000,0.0000,0.0000,6
12,100000,9.9000,14.2357,16.7000,11.3667,1.6500,90.8667,0.0000,100.0000,0.0000,0.0000,0.0000,0.0000,0.0000,0.0000,0.0000,0.0000,0.0000,0.0000,0.0000,0.0000,0.0000,15.0333,1022.1333,1022.2833,22.5000,100.0000,0.0000,5.0500,362.3333,126.3333,48.0000,46.7833,53.2167,51.6667,52.5000,3.8800,27.7350,0.7837,1845.3333,0.0000,0.0000,100.0000,0.0000,0.0000,0.0000,0.0000,0.0000,0.0000,0.0000,0.0000,0.0000,0.0000,6
13,100000,9.8167,13.5028,16.8500,12.0667,1.7500,90.8167,0.0000,100.0000,0.0000,0.0000,0.0000,0.0000,0.0000,0.0000,0.0000,0.0000,0.0000,0.0000,0.0000,0.0000,0.0000,14.9667,1022.3500,1022.4333,18.8333,83.3333,0.0000,4.6667,343.1667,110.5000,39.3333,46.3500,53.6500,47.5000,52.5000,3.4133,18.1650,0.5995,1770.1667,0.0000,0.0000,100.0000,0.0000,0.0000,0.0000,0.0000,0.0000,0.0000,0.0000,0.0000,0.0000,0.0000,6
14,100000,10.3833,15.1173,17.8833,11.5000,1.6667,90.4000,0.0000,100.0000,0.0000,0.0000,0.0000,0.0000,0.0000,0.0000,0.0000,0.0000,0.0000,0.0000,0.0000,0.0000,0.0000,16.0833,1022.0500,1022.1167,38.3333,100.0000,0.0000,5.2667,368.3333,160.8333,55.0000,47.6667,52.3333,50.0000,52.5000,3.9700,23.5033,0.5330,1793.0000,0.0000,0.0000,100.0000,0.0000,0.0000,0.0000,0.0000,0.0000,0.0000,0.0000,0.0000,0.0000,0.0000,6
15,100000,10.1167,15.8103,17.4833,11.3333,1.7000,90.7500,0.0000,100.0000,0.0000,0.0000,0.0000,0.0000,0.0000,0.0000,0.0000,0.0000,0.0000,0.0000,0.0000,0.0000,0.0000,15.7167,1022.0000,1022.1333,37.6667,100.0000,0.0000,5.8167,366.1667,134.0000,52.3333,47.9333,52.0667,47.5000,52.5000,3.9783,25.5200,0.5557,1630.8333,0.0000,0.0000,100.0000,0.0000,0.0000,0.0000,0.0000,0.0000,0.0000,0.0000,0.0000,0.0000,0.0000,6
16,100000,9.6167,14.3527,16.4333,11.5833,1.7167,91.2333,0.0000,100.0000,0.0000,0.0000,0.0000,0.0000,0.0000,0.0000,0.0000,0.0000,0.0000,0.0000,0.0000,0.0000,0.0000,14.6333,1022.3167,1022.3667,21.0000,100.0000,0.0000,5.6000,345.1667,92.8333,29.6667,46.7167,53.2833,45.8333,52.5000,3.3967,18.2283,0.5468,1648.0000,0.0000,0.0000,100.0000,0.0000,0.0000,0.0000,0.0000,0.0000,0.0000,0.0000,0.0000,0.0000,0.0000,6
17,100000,10.5500,16.5727,18.2500,11.4667,1.7333,89.8000,0.0000,100.0000,0.0000,0.0000,0.0000,0.0000,0.0000,0.0000,0.0000,0.0000,0.0000,0.0000,0.0000,0.0000,0.0000,16.6500,1022.2167,1022.3000,25.3333,100.0000,0.0000,5.7000,365.1667,131.5000,44.5000,44.6167,55.3833,52.5000,52.5000,3.8733,22.3317,0.5703,1658.5000,0.0000,0.0000,100.0000,0.0000,0.0000,0.0000,0.0000,0.0000,0.0000,0.0000,0.0000,0.0000,0.0000,6
18,100000,11.9000,15.4208,20.4667,13.0667,1.7333,88.9833,0.0000,100.0000,0.0000,0.0000,0.0000,0.0000,0.0000,0.0000,0.0000,0.0000,0.0000,0.0000,0.0000,0.0000,0.0000,18.8000,1006.2500,1006.3500,186.6667,100.0000,0.0000,6.3333,373.6667,118.1667,38.0000,46.3333,53.6667,52.5000,52.5000,3.7767,19.5317,0.5190,1980.0000,0.0000,0.0000,100.0000,0.0000,0.0000,0.0000,0.0000,0.0000,0.0000,0.0000,0.0000,0.0000,0.0000,6
19,100000,10.8400,13.8260,19.3000,13.9800,1.7600,89.3000,0.0000,100.0000,0.0000,0.0000,0.0000,0.0000,0.0000,0.0000,0.0000,0.0000,0.0000,0.0000,0.0000,0.0000,0.0000,17.5800,1022.3600,1022.4600,16.2000,100.0000,0.0000,4.9000,315.4000,49.2000,26.4000,45.3400,54.6600,52.5000,52.5000,4.1880,20.7040,0.3778,1845.4000,0.0000,0.0000,100.0000,0.0000,0.0000,0.0000,0.0000,0.0000,0.0000,0.0000,0.0000,0.0000,0.0000,5
20,100000,11.3800,16.2648,19.7800,12.7400,1.7400,89.4000,0.0000,100.0000,0.0000,0.0000,0.0000,0.0000,0.0000,0.0000,0.0000,0.0000,0.0000,0.0000,0.0000,0.0000,0.0000,17.9800,1022.2600,1022.3400,22.4000,100.0000,0.0000,5.7800,300.4000,48.2000,25.6000,46.7600,53.2400,52.5000,52.5000,3.9440,19.1400,0.3246,1814.2000,0.0000,0.0000,100.0000,0.0000,0.0000,0.0000,0.0000,0.0000,0.0000,0.0000,0.0000,0.0000,0.0000,5
21,100000,12.8200,20.2662,21.3400,12.1600,1.7000,88.2200,0.0000,100.0000,0.0000,0.0000,0.0000,0.0000,0.0000,0.0000,0.0000,0.0000,0.0000,0.0000,0.0000,0.0000,0.0000,19.5200,1021.0800,1021.2000,79.4000,100.0000,0.0000,5.0800,357.8000,68.0000,30.6000,45.1800,54.8200,52.5000,52.5000,3.9860,21.0140,0.4400,1921.6000,0.0000,0.0000,100.0000,0.0000,0.0000,0.0000,0.0000,0.0000,0.0000,0.0000,0.0000,0.0000,0.0000,5
22,100000,11.3500,16.7345,20.9000,13.0750,1.8500,88.0750,0.0000,100.0000,0.0000,0.0000,0.0000,0.0000,0.0000,0.0000,0.0000,0.0000,0.0000,0.0000,0.0000,0.0000,0.0000,18.5500,1022.2250,1022.3500,22.0000,100.0000,0.0000,5.4750,362.2500,32.5000,22.5000,43.4750,56.5250,51.2500,52.5000,3.3625,27.1475,0.5787,1692.0000,0.0000,0.0000,100.0000,0.0000,0.0000,0.0000,0.0000,0.0000,0.0000,0.0000,0.0000,0.0000,0.0000,4
23,100000,11.7500,14.5930,21.0250,14.3250,1.8250,88.4000,0.0000,100.0000,0.0000,0.0000,0.0000,0.0000,0.0000,0.0000,0.0000,0.0000,0.0000,0.0000,0.0000,0.0000,0.0000,18.4250,1021.5500,1022.2000,25.5000,100.0000,0.0000,4.3000,371.7500,34.5000,21.2500,45.0750,54.9250,52.5000,52.5000,3.7900,33.7900,0.5100,1919.7500,0.0000,0.0000,100.0000,0.0000,0.0000,0.0000,0.0000,0.0000,0.0000,0.0000,0.0000,0.0000,0.0000,4
24,100000,12.3000,18.1157,22.1333,12.9333,1.8333,88.3667,0.0000,100.0000,0.0000,0.0000,0.0000,0.0000,0.0000,0.0000,0.0000,0.0000,0.0000,0.0000,0.0000,0.0000,0.0000,21.5000,1021.0333,1021.1000,87.6667,100.0000,0.0000,6.6333,532.6667,48.6667,33.3333,46.7333,53.2667,52.5000,52.5000,4.8333,23.5667,0.4387,1197.6667,0.0000,0.0000,100.0000,0.0000,0.0000,0.0000,0.0000,0.0000,0.0000,0.0000,0.0000,0.0000,0.0000,3
25,100000,9.9000,14.1277,18.4000,13.3000,1.9000,90.2000,0.0000,100.0000,0.0000,0.0000,0.0000,0.0000,0.0000,0.0000,0.0000,0.0000,0.0000,0.0000,0.0000,0.0000,0.0000,17.9000,1021.3000,1021.3333,66.3333,100.0000,0.0000,5.3333,522.6667,57.6667,37.0000,45.8667,54.1333,52.5000,52.5000,4.1433,19.9200,0.4810,1240.6667,0.0000,0.0000,100.0000,0.0000,0.0000,0.0000,0.0000,0.0000,0.0000,0.0000,0.0000,0.0000,0.0000,3
26,100000,10.1667,14.4247,18.9333,13.4000,1.8667,90.1333,0.0000,100.0000,0.0000,0.0000,0.0000,0.0000,0.0000,0.0000,0.0000,0.0000,0.0000,0.0000,0.0000,0.0000,0.0000,18.3000,1020.8333,1021.7667,44.6667,100.0000,0.0000,4.9333,492.0000,53.6667,32.6667,46.5000,53.5000,52.5000,52.5000,4.0000,29.1700,0.6580,1276.0000,0.0000,0.0000,100.0000,0.0000,0.0000,0.0000,0.0000,0.0000,0.0000,0.0000,0.0000,0.0000,0.0000,3
27,100000,11.3667,19.7217,21.0000,12.4667,1.8333,89.2333,0.0000,100.0000,0.0000,0.0000,0.0000,0.0000,0.0000,0.0000,0.0000,0.0000,0.0000,0.0000,0.0000,0.0000,0.0000,20.4333,1012.8667,1013.8000,226.0000,100.0000,0.0000,5.7333,544.3333,56.6667,46.3333,46.9000,53.1000,52.5000,52.5000,4.2000,36.8500,0.6727,1239.6667,0.0000,0.0000,100.0000,0.0000,0.0000,0.0000,0.0000,0.0000,0.0000,0.0000,0.0000,0.0000,0.0000,3
28,100000,16.0000,28.8870,27.6000,11.4000,1.7500,86.7500,0.0000,100.0000,0.0000,0.0000,0.0000,0.0000,0.0000,0.0000,0.0000,0.0000,0.0000,0.0000,0.0000,0.0000,0.0000,27.0000,1011.3000,1016.9500,265.5000,100.0000,0.0000,8.6500,640.0000,97.5000,76.0000,51.5500,48.4500,52.5000,52.5000,4.9500,46.0950,0.4230,1261.5000,0.0000,0.0000,100.0000,0.0000,0.0000,0.0000,0.0000,0.0000,0.0000,0.0000,0.0000,0.0000,0.0000,2
29,100000,14.2500,23.7895,26.0500,12.0000,1.8500,86.6500,0.0000,100.0000,0.0000,0.0000,0.0000,0.0000,0.0000,0.0000,0.0000,0.0000,0.0000,0.0000,0.0000,0.0000,0.0000,25.9500,1020.5500,1020.6000,110.5000,100.0000,0.0000,7.3000,571.0000,54.0000,44.0000,48.7000,51.3000,52.5000,52.5000,4.9000,20.3100,0.3605,1398.5000,0.0000,0.0000,100.0000,0.0000,0.0000,0.0000,0.0000,0.0000,0.0000,0.0000,0.0000,0.0000,0.0000,2
30,100000,12.9000,22.5540,22.4500,11.2000,1.7500,88.7000,0.0000,100.0000,0.0000,0.0000,0.0000,0.0000,0.0000,0.0000,0.0000,0.0000,0.0000,0.0000,0.0000,0.0000,0.0000,21.4000,1018.9500,1021.5000,84.0000,100.0000,0.0000,8.4500,554.0000,120.0000,50.5000,49.7000,50.3000,52.5000,52.5000,5.2000,25.3900,0.5315,1221.0000,0.0000,0.0000,100.0000,0.0000,0.0000,0.0000,0.0000,0.0000,0.0000,0.0000,0.0000,0.0000,0.0000,2
31,100000,13.8000,21.7455,26.0500,12.5500,1.9000,86.6500,0.0000,100.0000,0.0000,0.0000,0.0000,0.0000,0.0000,0.0000,0.0000,0.0000,0.0000,0.0000,0.0000,0.0000,0.0000,25.9000,1019.9500,1019.9500,164.5000,100.0000,0.0000,9.0500,622.0000,95.0000,58.5000,48.6000,51.4000,52.5000,52.5000,5.8250,23.6350,0.6380,1475.0000,0.0000,0.0000,100.0000,0.0000,0.0000,0.0000,0.0000,0.0000,0.0000,0.0000,0.0000,0.0000,0.0000,2
32,100000,13.3500,20.4085,24.6500,12.3000,1.8500,87.0500,0.0000,100.0000,0.0000,0.0000,0.0000,0.0000,0.0000,0.0000,0.0000,0.0000,0.0000,0.0000,0.0000,0.0000,0.0000,24.5500,1020.6500,1020.6500,109.5000,100.0000,0.0000,9.8000,650.0000,99.0000,61.0000,47.5500,52.4500,52.5000,52.5000,5.4550,25.0000,0.7140,1533.5000,0.0000,0.0000,100.0000,0.0000,0.0000,0.0000,0.0000,0.0000,0.0000,0.0000,0.0000,0.0000,0.0000,2
33,100000,13.1000,18.6965,23.7500,12.6500,1.8500,87.7000,0.0000,100.0000,0.0000,0.0000,0.0000,0.0000,0.0000,0.0000,0.0000,0.0000,0.0000,0.0000,0.0000,0.0000,0.0000,23.4500,1012.3500,1012.5500,206.5000,100.0000,0.0000,8.2000,591.0000,85.5000,44.0000,48.0500,51.9500,52.5000,52.5000,4.6850,23.4350,0.4405,1313.0000,0.0000,0.0000,100.0000,0.0000,0.0000,0.0000,0.0000,0.0000,0.0000,0.0000,0.0000,0.0000,0.0000,2
34,100000,14.1500,25.6230,27.3000,11.6500,1.9000,86.0000,0.0000,100.0000,0.0000,0.0000,0.0000,0.0000,0.0000,0.0000,0.0000,0.0000,0.0000,0.0000,0.0000,0.0000,0.0000,27.2000,1017.1000,1017.1000,159.0000,100.0000,0.0000,6.8500,515.0000,53.5000,36.0000,48.8500,51.1500,52.5000,52.5000,5.1950,20.3150,0.4690,1262.0000,0.0000,0.0000,100.0000,0.0000,0.0000,0.0000,0.0000,0.0000,0.0000,0.0000,0.0000,0.0000,0.0000,2
35,100000,11.2500,16.8475,20.3500,11.9500,1.8000,89.3000,0.0000,100.0000,0.0000,0.0000,0.0000,0.0000,0.0000,0.0000,0.0000,0.0000,0.0000,0.0000,0.0000,0.0000,0.0000,19.8500,1020.3000,1020.3500,108.0000,100.0000,0.0000,6.9000,480.5000,42.5000,30.5000,47.2500,52.7500,52.5000,52.5000,3.9700,22.0700,0.5195,1088.5000,0.0000,0.0000,100.0000,0.0000,0.0000,0.0000,0.0000,0.0000,0.0000,0.0000,0.0000,0.0000,0.0000,2
36,100000,14.3500,25.4395,25.8500,11.4000,1.8000,86.6500,0.0000,100.0000,0.0000,0.0000,0.0000,0.0000,0.0000,0.0000,0.0000,0.0000,0.0000,0.0000,0.0000,0.0000,0.0000,25.7500,1021.3000,1021.3500,84.5000,100.0000,0.0000,8.7000,545.0000,92.0000,52.5000,48.3000,51.7000,52.5000,52.5000,4.8050,25.3900,0.3015,1295.0000,0.0000,0.0000,100.0000,0.0000,0.0000,0.0000,0.0000,0.0000,0.0000,0.0000,0.0000,0.0000,0.0000,2
37,100000,12.9000,22.2660,23.0000,11.2500,1.7500,88.0500,0.0000,100.0000,0.0000,0.0000,0.0000,0.0000,0.0000,0.0000,0.0000,0.0000,0.0000,0.0000,0.0000,0.0000,0.0000,22.8500,1022.0000,1022.0000,50.5000,100.0000,0.0000,7.8500,499.0000,90.5000,47.0000,48.0500,51.9500,52.5000,52.5000,4.7300,21.4850,0.6175,1517.0000,0.0000,0.0000,100.0000,0.0000,0.0000,0.0000,0.0000,0.0000,0.0000,0.0000,0.0000,0.0000,0.0000,2
38,100000,13.7500,23.7220,24.9500,11.3500,1.8500,87.1000,0.0000,100.0000,0.0000,0.0000,0.0000,0.0000,0.0000,0.0000,0.0000,0.0000,0.0000,0.0000,0.0000,0.0000,0.0000,24.7500,1019.3500,1019.4000,122.5000,100.0000,0.0000,8.4000,555.5000,112.0000,48.0000,48.3000,51.7000,52.5000,52.5000,4.1500,18.3600,0.6250,1625.0000,0.0000,0.0000,100.0000,0.0000,0.0000,0.0000,0.0000,0.0000,0.0000,0.0000,0.0000,0.0000,0.0000,2
39,100000,10.4500,14.9430,19.2000,12.3500,1.9000,90.0000,0.0000,100.0000,0.0000,0.0000,0.0000,0.0000,0.0000,0.0000,0.0000,0.0000,0.0000,0.0000,0.0000,0.0000,0.0000,19.0000,1019.8500,1019.8500,118.5000,100.0000,0.0000,8.7500,527.5000,82.5000,39.0000,47.0500,52.9500,50.0000,52.5000,4.0800,25.0000,0.5825,1133.5000,0.0000,0.0000,100.0000,0.0000,0.0000,0.0000,0.0000,0.0000,0.0000,0.0000,0.0000,0.0000,0.0000,2
40,100000,10.9500,16.4515,20.1000,12.4000,1.8500,89.2500,0.0000,100.0000,0.0000,0.0000,0.0000,0.0000,0.0000,0.0000,0.0000,0.0000,0.0000,0.0000,0.0000,0.0000,0.0000,19.6500,1018.5000,1018.6000,204.5000,100.0000,0.0000,7.2500,549.0000,66.5000,37.0000,46.0000,54.0000,52.5000,52.5000,4.2800,22.0750,0.4905,1176.0000,0.0000,0.0000,100.0000,0.0000,0.0000,0.0000,0.0000,0.0000,0.0000,0.0000,0.0000,0.0000,0.0000,2
41,100000,14.1000,21.0945,26.9500,13.2500,1.9000,86.1500,0.0000,100.0000,0.0000,0.0000,0.0000,0.0000,0.0000,0.0000,0.0000,0.0000,0.0000,0.0000,0.0000,0.0000,0.0000,26.7500,874.5500,874.5500,1083.5000,100.0000,0.0000,9.9500,629.0000,76.5000,35.5000,48.7000,51.3000,52.5000,52.5000,4.5050,21.8750,0.3740,1577.0000,0.0000,0.0000,100.0000,0.0000,0.0000,0.0000,0.0000,0.0000,0.0000,0.0000,0.0000,0.0000,0.0000,2
42,100000,11.1000,21.4470,21.8000,10.1000,2.0000,89.1000,0.0000,100.0000,0.0000,0.0000,0.0000,0.0000,0.0000,0.0000,0.0000,0.0000,0.0000,0.0000,0.0000,0.0000,0.0000,21.7000,1021.8000,1021.8000,66.0000,100.0000,0.0000,10.4000,139.0000,105.0000,38.0000,49.9000,50.1000,52.5000,52.5000,3.9200,21.8800,0.2670,678.0000,0.0000,0.0000,100.0000,0.0000,0.0000,0.0000,0.0000,0.0000,0.0000,0.0000,0.0000,0.0000,0.0000,1
43,100000,11.4000,25.8580,22.6000,8.8000,2.0000,88.9000,0.0000,100.0000,0.0000,0.0000,0.0000,0.0000,0.0000,0.0000,0.0000,0.0000,0.0000,0.0000,0.0000,0.0000,0.0000,22.6000,1022.0000,1022.0000,53.0000,100.0000,0.0000,8.9000,129.0000,89.0000,43.0000,51.1000,48.9000,52.5000,52.5000,4.5300,18.7500,0.5030,1468.0000,0.0000,0.0000,100.0000,0.0000,0.0000,0.0000,0.0000,0.0000,0.0000,0.0000,0.0000,0.0000,0.0000,1
44,100000,13.0000,23.1640,22.3000,9.6000,1.7000,88.9000,0.0000,100.0000,0.0000,0.0000,0.0000,0.0000,0.0000,0.0000,0.0000,0.0000,0.0000,0.0000,0.0000,0.0000,0.0000,22.1000,1020.2000,1020.2000,199.0000,100.0000,0.0000,8.3000,247.0000,85.0000,46.0000,50.3000,49.7000,52.5000,52.5000,3.9800,23.8300,0.1050,670.0000,0.0000,0.0000,100.0000,0.0000,0.0000,0.0000,0.0000,0.0000,0.0000,0.0000,0.0000,0.0000,0.0000,1
45,100000,16.0000,33.9930,25.7000,7.6000,1.6000,88.1000,0.0000,100.0000,0.0000,0.0000,0.0000,0.0000,0.0000,0.0000,0.0000,0.0000,0.0000,0.0000,0.0000,0.0000,0.0000,25.0000,1014.9000,1018.3000,344.0000,100.0000,0.0000,10.9000,473.0000,281.0000,160.0000,53.6000,46.4000,52.5000,52.5000,6.6700,71.8800,0.1170,701.0000,0.0000,0.0000,100.0000,0.0000,0.0000,0.0000,0.0000,0.0000,0.0000,0.0000,0.0000,0.0000,0.0000,1
46,100000,7.5000,17.5490,15.1000,8.6000,2.0000,92.3000,0.0000,100.0000,0.0000,0.0000,0.0000,0.0000,0.0000,0.0000,0.0000,0.0000,0.0000,0.0000,0.0000,0.0000,0.0000,14.9000,1009.4000,1009.4000,571.0000,100.0000,0.0000,10.8000,397.0000,143.0000,43.0000,49.0000,51.0000,47.5000,52.5000,3.5100,37.5000,0.1270,475.0000,0.0000,0.0000,100.0000,0.0000,0.0000,0.0000,0.0000,0.0000,0.0000,0.0000,0.0000,0.0000,0.0000,1
