# win,br,misp%,MPKI,extra%,i/blk,br/blk,true_blk%,bim%,T0%,T1%,T2%,T3%,T4%,T5%,T6%,T7%,T8%,T9%,T10%,T11%,T12%,T13%,alloc_ok%,acc_avg,alloc_avg,Tlast_evict,Tlast_zu%,Tlast_avgp,coll%,Tlast_used,win_stuck,win_hard,dir_misp%,bnd_misp%,micro_p50_mpki,micro_p95_mpki,phase_delta_avg,phase_max_delta,jaccard,pingpong,cf_fb_only%,cf_tage_only%,prov_no_tag%,prov_sec_rej%,prov_meta_alt%,prov_meta_pri%,prov_no_meta%,cf_sec_fb_acc%,cf_sec_tage_acc%,ben_rej%,ben_incr%,ben_decr%,ben_ctr_avg
0,100000,8.6,23.688,12.0,5.1,1.4,96.3,0.0,100.0,0.0,0.0,0.0,0.0,0.0,0.0,0.0,0.0,0.0,0.0,0.0,0.0,0.0,11.7,992.3,992.3,125,100.0,0.0,0.2,225,90,68,68.7,31.3,52.5,52.5,3.60,40.23,-1.000,522,0.000,0.000,100.000,0.000,0.000,0.000,0.000,0.000,0.000,0.000,0.000,0.000,0.000
1,100000,4.5,12.023,6.3,5.3,1.4,97.3,0.0,100.0,0.0,0.0,0.0,0.0,0.0,0.0,0.0,0.0,0.0,0.0,0.0,0.0,0.0,6.1,1022.8,1022.8,3,100.0,0.0,0.3,190,79,57,57.2,42.8,27.5,52.5,2.17,17.58,0.695,560,0.000,0.000,100.000,0.000,0.000,0.000,0.000,0.000,0.000,0.000,0.000,0.000,0.000
2,100000,3.3,8.942,4.7,5.2,1.4,98.1,0.0,100.0,0.0,0.0,0.0,0.0,0.0,0.0,0.0,0.0,0.0,0.0,0.0,0.0,0.0,4.3,1022.8,1022.8,2,100.0,0.0,0.4,200,75,65,58.9,41.1,12.5,52.5,1.73,16.80,0.976,419,0.000,0.000,100.000,0.000,0.000,0.000,0.000,0.000,0.000,0.000,0.000,0.000,0.000
3,100000,4.4,11.515,6.1,5.3,1.4,97.4,0.0,100.0,0.0,0.0,0.0,0.0,0.0,0.0,0.0,0.0,0.0,0.0,0.0,0.0,0.0,5.6,1022.8,1022.8,2,100.0,0.0,0.6,187,65,68,56.8,43.2,32.5,52.5,2.51,15.23,0.828,805,0.000,0.000,100.000,0.000,0.000,0.000,0.000,0.000,0.000,0.000,0.000,0.000,0.000
4,100000,2.5,6.772,3.4,5.1,1.4,98.4,0.0,100.0,0.0,0.0,0.0,0.0,0.0,0.0,0.0,0.0,0.0,0.0,0.0,0.0,0.0,3.1,1022.9,1022.9,2,100.0,0.0,0.5,186,78,63,53.7,46.3,12.5,52.5,1.44,14.45,0.946,446,0.000,0.000,100.000,0.000,0.000,0.000,0.000,0.000,0.000,0.000,0.000,0.000,0.000
5,100000,3.6,8.927,5.0,5.6,1.4,97.8,0.0,100.0,0.0,0.0,0.0,0.0,0.0,0.0,0.0,0.0,0.0,0.0,0.0,0.0,0.0,4.5,1022.9,1022.9,3,100.0,0.0,0.6,196,70,67,54.9,45.1,22.5,52.5,2.28,21.88,0.803,619,0.000,0.000,100.000,0.000,0.000,0.000,0.000,0.000,0.000,0.000,0.000,0.000,0.000
6,100000,2.2,5.680,3.0,5.3,1.4,98.4,0.0,100.0,0.0,0.0,0.0,0.0,0.0,0.0,0.0,0.0,0.0,0.0,0.0,0.0,0.0,2.6,1022.9,1022.9,1,100.0,0.0,0.6,196,62,59,48.3,51.7,12.5,52.5,1.47,12.50,0.868,419,0.000,0.000,100.000,0.000,0.000,0.000,0.000,0.000,0.000,0.000,0.000,0.000,0.000
7,100000,3.0,7.629,4.1,5.3,1.4,97.9,0.0,100.0,0.0,0.0,0.0,0.0,0.0,0.0,0.0,0.0,0.0,0.0,0.0,0.0,0.0,3.7,1022.9,1022.9,1,100.0,0.0,0.8,197,77,62,48.7,51.3,17.5,52.5,2.15,21.88,0.814,520,0.000,0.000,100.000,0.000,0.000,0.000,0.000,0.000,0.000,0.000,0.000,0.000,0.000
8,100000,2.7,6.743,3.7,5.5,1.4,98.2,0.0,100.0,0.0,0.0,0.0,0.0,0.0,0.0,0.0,0.0,0.0,0.0,0.0,0.0,0.0,3.3,1022.9,1022.9,1,100.0,0.0,0.7,169,79,64,51.1,48.9,17.5,52.5,1.89,14.45,0.841,476,0.000,0.000,100.000,0.000,0.000,0.000,0.000,0.000,0.000,0.000,0.000,0.000,0.000
9,100000,3.6,9.102,4.9,5.4,1.4,97.5,0.0,100.0,0.0,0.0,0.0,0.0,0.0,0.0,0.0,0.0,0.0,0.0,0.0,0.0,0.0,4.6,1022.9,1022.9,3,100.0,0.0,0.8,207,101,73,49.2,50.8,22.5,52.5,2.36,17.19,0.628,589,0.000,0.000,100.000,0.000,0.000,0.000,0.000,0.000,0.000,0.000,0.000,0.000,0.000
10,100000,4.6,11.095,6.3,5.6,1.4,96.9,0.0,100.0,0.0,0.0,0.0,0.0,0.0,0.0,0.0,0.0,0.0,0.0,0.0,0.0,0.0,5.8,1022.8,1022.8,1,100.0,0.0,0.9,172,90,52,51.2,48.8,37.5,52.5,2.74,17.58,0.619,818,0.000,0.000,100.000,0.000,0.000,0.000,0.000,0.000,0.000,0.000,0.000,0.000,0.000
11,100000,5.5,12.993,7.4,5.7,1.4,96.3,0.0,100.0,0.0,0.0,0.0,0.0,0.0,0.0,0.0,0.0,0.0,0.0,0.0,0.0,0.0,7.1,1022.8,1022.8,5,100.0,0.0,1.0,174,103,71,49.7,50.3,47.5,52.5,3.08,17.19,0.836,874,0.000,0.000,100.000,0.000,0.000,0.000,0.000,0.000,0.000,0.000,0.000,0.000,0.000
12,100000,5.8,13.726,7.9,5.8,1.4,96.0,0.0,100.0,0.0,0.0,0.0,0.0,0.0,0.0,0.0,0.0,0.0,0.0,0.0,0.0,0.0,7.5,1022.8,1022.8,3,100.0,0.0,1.2,193,97,67,48.8,51.2,52.5,52.5,2.94,17.19,0.865,988,0.000,0.000,100.000,0.000,0.000,0.000,0.000,0.000,0.000,0.000,0.000,0.000,0.000
13,100000,5.2,12.892,7.1,5.5,1.4,96.6,0.0,100.0,0.0,0.0,0.0,0.0,0.0,0.0,0.0,0.0,0.0,0.0,0.0,0.0,0.0,6.7,1022.8,1022.8,2,100.0,0.0,1.1,217,90,76,52.0,48.0,42.5,52.5,2.79,17.19,0.839,927,0.000,0.000,100.000,0.000,0.000,0.000,0.000,0.000,0.000,0.000,0.000,0.000,0.000
14,100000,3.5,8.901,4.7,5.3,1.4,97.7,0.0,100.0,0.0,0.0,0.0,0.0,0.0,0.0,0.0,0.0,0.0,0.0,0.0,0.0,0.0,4.1,1022.9,1022.9,2,100.0,0.0,1.1,196,60,72,50.3,49.7,27.5,52.5,2.36,12.50,0.882,708,0.000,0.000,100.000,0.000,0.000,0.000,0.000,0.000,0.000,0.000,0.000,0.000,0.000
15,100000,7.0,16.871,9.7,5.8,1.4,95.6,0.0,100.0,0.0,0.0,0.0,0.0,0.0,0.0,0.0,0.0,0.0,0.0,0.0,0.0,0.0,9.4,1022.4,1022.4,14,100.0,0.0,1.6,240,119,89,54.4,45.6,52.5,52.5,3.84,22.66,0.528,905,0.000,0.000,100.000,0.000,0.000,0.000,0.000,0.000,0.000,0.000,0.000,0.000,0.000
16,100000,8.6,22.049,13.6,6.2,1.6,93.6,0.0,100.0,0.0,0.0,0.0,0.0,0.0,0.0,0.0,0.0,0.0,0.0,0.0,0.0,0.0,13.6,1022.5,1022.5,10,100.0,0.0,2.6,86,122,35,53.0,47.0,52.5,52.5,3.71,16.41,0.451,741,0.000,0.000,100.000,0.000,0.000,0.000,0.000,0.000,0.000,0.000,0.000,0.000,0.000
17,100000,7.8,19.714,13.5,6.8,1.7,93.2,0.0,100.0,0.0,0.0,0.0,0.0,0.0,0.0,0.0,0.0,0.0,0.0,0.0,0.0,0.0,13.4,1022.4,1022.4,19,100.0,0.0,2.2,119,159,66,49.5,50.5,52.5,52.5,3.73,16.41,0.565,658,0.000,0.000,100.000,0.000,0.000,0.000,0.000,0.000,0.000,0.000,0.000,0.000,0.000
18,100000,11.2,14.478,20.9,14.4,1.9,89.4,0.0,100.0,0.0,0.0,0.0,0.0,0.0,0.0,0.0,0.0,0.0,0.0,0.0,0.0,0.0,20.7,927.2,927.2,1059,100.0,0.0,3.7,261,41,22,49.4,50.6,52.5,52.5,4.67,25.78,0.098,787,0.000,0.000,100.000,0.000,0.000,0.000,0.000,0.000,0.000,0.000,0.000,0.000,0.000
19,100000,8.7,9.639,15.6,16.2,1.8,91.7,0.0,100.0,0.0,0.0,0.0,0.0,0.0,0.0,0.0,0.0,0.0,0.0,0.0,0.0,0.0,15.4,1022.6,1022.6,4,100.0,0.0,0.8,41,16,13,46.7,53.3,52.5,52.5,6.23,22.27,0.168,664,0.000,0.000,100.000,0.000,0.000,0.000,0.000,0.000,0.000,0.000,0.000,0.000,0.000
20,100000,11.5,22.411,22.7,10.1,2.0,88.6,0.0,100.0,0.0,0.0,0.0,0.0,0.0,0.0,0.0,0.0,0.0,0.0,0.0,0.0,0.0,22.5,1021.8,1021.9,42,100.0,0.0,5.8,69,36,31,49.7,50.3,52.5,52.5,4.22,26.56,0.117,842,0.000,0.000,100.000,0.000,0.000,0.000,0.000,0.000,0.000,0.000,0.000,0.000,0.000
21,100000,17.5,40.026,27.3,6.8,1.6,86.5,0.0,100.0,0.0,0.0,0.0,0.0,0.0,0.0,0.0,0.0,0.0,0.0,0.0,0.0,0.0,27.1,1018.7,1018.7,197,100.0,0.0,3.7,225,90,58,50.5,49.5,52.5,52.5,4.91,30.08,0.207,600,0.000,0.000,100.000,0.000,0.000,0.000,0.000,0.000,0.000,0.000,0.000,0.000,0.000
22,100000,10.5,23.031,20.1,8.7,1.9,89.6,0.0,100.0,0.0,0.0,0.0,0.0,0.0,0.0,0.0,0.0,0.0,0.0,0.0,0.0,0.0,20.1,1022.4,1022.4,23,100.0,0.0,3.9,64,24,28,48.4,51.6,52.5,52.5,3.25,28.12,0.216,705,0.000,0.000,100.000,0.000,0.000,0.000,0.000,0.000,0.000,0.000,0.000,0.000,0.000
23,100000,9.2,16.632,18.7,11.3,2.0,90.8,0.0,100.0,0.0,0.0,0.0,0.0,0.0,0.0,0.0,0.0,0.0,0.0,0.0,0.0,0.0,18.7,1021.6,1021.6,35,100.0,0.0,2.8,74,46,21,50.7,49.3,52.5,52.5,3.87,17.97,0.126,246,0.000,0.000,100.000,0.000,0.000,0.000,0.000,0.000,0.000,0.000,0.000,0.000,0.000
24,100000,13.5,25.755,25.3,9.8,1.9,87.5,0.0,100.0,0.0,0.0,0.0,0.0,0.0,0.0,0.0,0.0,0.0,0.0,0.0,0.0,0.0,25.3,1019.5,1019.6,188,100.0,0.0,4.3,192,45,31,50.6,49.4,52.5,52.5,5.46,37.11,0.094,412,0.000,0.000,100.000,0.000,0.000,0.000,0.000,0.000,0.000,0.000,0.000,0.000,0.000
25,100000,9.1,18.094,18.7,10.3,2.1,90.1,0.0,100.0,0.0,0.0,0.0,0.0,0.0,0.0,0.0,0.0,0.0,0.0,0.0,0.0,0.0,18.6,1019.8,1019.8,138,100.0,0.0,4.3,249,69,36,46.8,53.2,52.5,52.5,4.27,25.39,0.288,827,0.000,0.000,100.000,0.000,0.000,0.000,0.000,0.000,0.000,0.000,0.000,0.000,0.000
26,100000,9.7,18.666,20.2,10.8,2.1,89.9,0.0,100.0,0.0,0.0,0.0,0.0,0.0,0.0,0.0,0.0,0.0,0.0,0.0,0.0,0.0,19.9,1021.0,1021.0,77,100.0,0.0,3.2,121,44,28,49.7,50.3,52.5,52.5,3.36,19.92,0.187,654,0.000,0.000,100.000,0.000,0.000,0.000,0.000,0.000,0.000,0.000,0.000,0.000,0.000
27,100000,15.0,36.207,29.3,8.1,2.0,86.2,0.0,100.0,0.0,0.0,0.0,0.0,0.0,0.0,0.0,0.0,0.0,0.0,0.0,0.0,0.0,29.1,1000.3,1000.3,553,100.0,0.0,5.0,313,61,62,52.7,47.3,52.5,52.5,4.04,22.27,0.133,767,0.000,0.000,100.000,0.000,0.000,0.000,0.000,0.000,0.000,0.000,0.000,0.000,0.000
28,100000,16.5,39.127,28.1,7.2,1.7,87.1,0.0,100.0,0.0,0.0,0.0,0.0,0.0,0.0,0.0,0.0,0.0,0.0,0.0,0.0,0.0,27.8,1015.5,1017.5,283,100.0,0.0,3.5,345,119,85,54.3,45.7,52.5,52.5,4.90,49.61,0.140,811,0.000,0.000,100.000,0.000,0.000,0.000,0.000,0.000,0.000,0.000,0.000,0.000,0.000
29,100000,14.4,31.943,27.4,8.6,1.9,86.2,0.0,100.0,0.0,0.0,0.0,0.0,0.0,0.0,0.0,0.0,0.0,0.0,0.0,0.0,0.0,27.4,1018.9,1018.9,176,100.0,0.0,3.4,197,26,18,49.9,50.1,52.5,52.5,4.48,15.62,0.095,1016,0.000,0.000,100.000,0.000,0.000,0.000,0.000,0.000,0.000,0.000,0.000,0.000,0.000
30,100000,12.9,31.444,21.7,6.9,1.7,88.2,0.0,100.0,0.0,0.0,0.0,0.0,0.0,0.0,0.0,0.0,0.0,0.0,0.0,0.0,0.0,19.9,1017.3,1021.3,119,100.0,0.0,4.0,206,167,42,45.8,54.2,52.5,52.5,4.58,28.91,0.111,777,0.000,0.000,100.000,0.000,0.000,0.000,0.000,0.000,0.000,0.000,0.000,0.000,0.000
31,100000,12.2,26.101,25.2,9.6,2.1,87.3,0.0,100.0,0.0,0.0,0.0,0.0,0.0,0.0,0.0,0.0,0.0,0.0,0.0,0.0,0.0,25.1,1018.2,1018.2,256,100.0,0.0,5.9,300,116,49,49.5,50.5,52.5,52.5,6.24,29.30,0.390,1012,0.000,0.000,100.000,0.000,0.000,0.000,0.000,0.000,0.000,0.000,0.000,0.000,0.000
32,100000,10.6,22.625,21.3,9.4,2.0,88.8,0.0,100.0,0.0,0.0,0.0,0.0,0.0,0.0,0.0,0.0,0.0,0.0,0.0,0.0,0.0,21.3,1019.9,1019.9,162,100.0,0.0,5.3,342,109,51,47.7,52.3,52.5,52.5,5.48,24.61,0.703,1190,0.000,0.000,100.000,0.000,0.000,0.000,0.000,0.000,0.000,0.000,0.000,0.000,0.000
33,100000,9.2,17.282,18.1,10.5,2.0,90.5,0.0,100.0,0.0,0.0,0.0,0.0,0.0,0.0,0.0,0.0,0.0,0.0,0.0,0.0,0.0,17.9,1009.4,1009.4,430,100.0,0.0,3.4,277,89,27,47.4,52.6,52.5,52.5,3.60,19.53,0.262,506,0.000,0.000,100.000,0.000,0.000,0.000,0.000,0.000,0.000,0.000,0.000,0.000,0.000
34,100000,14.0,34.538,29.9,8.7,2.1,84.9,0.0,100.0,0.0,0.0,0.0,0.0,0.0,0.0,0.0,0.0,0.0,0.0,0.0,0.0,0.0,29.9,1005.5,1005.5,311,100.0,0.0,3.1,196,20,14,49.6,50.4,52.5,52.5,4.04,16.80,0.025,836,0.000,0.000,100.000,0.000,0.000,0.000,0.000,0.000,0.000,0.000,0.000,0.000,0.000
35,100000,7.0,14.834,13.6,9.2,1.9,92.6,0.0,100.0,0.0,0.0,0.0,0.0,0.0,0.0,0.0,0.0,0.0,0.0,0.0,0.0,0.0,13.6,1019.7,1019.7,127,100.0,0.0,2.5,110,18,7,45.5,54.5,52.5,52.5,2.89,27.34,0.159,414,0.000,0.000,100.000,0.000,0.000,0.000,0.000,0.000,0.000,0.000,0.000,0.000,0.000
36,100000,14.1,34.037,26.0,7.6,1.8,86.5,0.0,100.0,0.0,0.0,0.0,0.0,0.0,0.0,0.0,0.0,0.0,0.0,0.0,0.0,0.0,26.0,1021.3,1021.3,106,100.0,0.0,3.9,145,104,36,47.9,52.1,52.5,52.5,4.58,32.03,0.026,756,0.000,0.000,100.000,0.000,0.000,0.000,0.000,0.000,0.000,0.000,0.000,0.000,0.000
37,100000,11.7,28.158,21.4,7.6,1.8,88.4,0.0,100.0,0.0,0.0,0.0,0.0,0.0,0.0,0.0,0.0,0.0,0.0,0.0,0.0,0.0,21.3,1022.3,1022.3,41,100.0,0.0,3.5,104,89,27,45.9,54.1,52.5,52.5,4.18,16.80,0.522,1360,0.000,0.000,100.000,0.000,0.000,0.000,0.000,0.000,0.000,0.000,0.000,0.000,0.000
38,100000,12.4,29.137,23.2,8.0,1.9,87.9,0.0,100.0,0.0,0.0,0.0,0.0,0.0,0.0,0.0,0.0,0.0,0.0,0.0,0.0,0.0,23.1,1020.0,1020.0,136,100.0,0.0,4.1,241,140,31,48.0,52.0,52.5,52.5,3.61,17.19,0.425,1172,0.000,0.000,100.000,0.000,0.000,0.000,0.000,0.000,0.000,0.000,0.000,0.000,0.000
39,100000,5.8,13.101,11.6,8.8,2.0,93.7,0.0,100.0,0.0,0.0,0.0,0.0,0.0,0.0,0.0,0.0,0.0,0.0,0.0,0.0,0.0,11.4,1015.4,1015.4,147,100.0,0.0,5.5,142,74,23,45.5,54.5,47.5,52.5,2.79,23.83,0.265,484,0.000,0.000,100.000,0.000,0.000,0.000,0.000,0.000,0.000,0.000,0.000,0.000,0.000
40,100000,7.8,16.467,15.0,9.1,1.9,91.5,0.0,100.0,0.0,0.0,0.0,0.0,0.0,0.0,0.0,0.0,0.0,0.0,0.0,0.0,0.0,14.9,1016.4,1016.4,285,100.0,0.0,3.2,199,40,15,43.5,56.5,52.5,52.5,2.95,20.70,0.066,696,0.000,0.000,100.000,0.000,0.000,0.000,0.000,0.000,0.000,0.000,0.000,0.000,0.000
41,100000,15.0,26.723,30.7,11.5,2.0,84.6,0.0,100.0,0.0,0.0,0.0,0.0,0.0,0.0,0.0,0.0,0.0,0.0,0.0,0.0,0.0,30.7,832.7,832.7,1707,100.0,0.0,7.1,417,65,24,49.8,50.2,52.5,52.5,4.00,19.92,0.081,911,0.000,0.000,100.000,0.000,0.000,0.000,0.000,0.000,0.000,0.000,0.000,0.000,0.000
42,100000,10.9,21.047,21.4,10.2,2.0,89.4,0.0,100.0,0.0,0.0,0.0,0.0,0.0,0.0,0.0,0.0,0.0,0.0,0.0,0.0,0.0,21.4,1021.9,1021.9,77,100.0,0.0,5.4,110,107,38,50.5,49.5,52.5,52.5,4.28,23.44,0.267,698,0.000,0.000,100.000,0.000,0.000,0.000,0.000,0.000,0.000,0.000,0.000,0.000,0.000
43,100000,11.0,24.959,21.9,8.8,2.0,89.1,0.0,100.0,0.0,0.0,0.0,0.0,0.0,0.0,0.0,0.0,0.0,0.0,0.0,0.0,0.0,21.9,1022.1,1022.1,69,100.0,0.0,4.1,132,97,43,50.3,49.7,52.5,52.5,4.10,22.66,0.503,1318,0.000,0.000,100.000,0.000,0.000,0.000,0.000,0.000,0.000,0.000,0.000,0.000,0.000
44,100000,12.8,22.741,22.0,9.7,1.7,89.1,0.0,100.0,0.0,0.0,0.0,0.0,0.0,0.0,0.0,0.0,0.0,0.0,0.0,0.0,0.0,21.9,1020.8,1020.8,139,100.0,0.0,5.2,209,78,46,50.4,49.6,52.5,52.5,4.44,21.48,0.105,679,0.000,0.000,100.000,0.000,0.000,0.000,0.000,0.000,0.000,0.000,0.000,0.000,0.000
45,100000,15.8,33.640,25.3,7.5,1.6,87.9,0.0,100.0,0.0,0.0,0.0,0.0,0.0,0.0,0.0,0.0,0.0,0.0,0.0,0.0,0.0,25.3,1018.4,1018.4,369,100.0,0.0,6.6,434,279,160,52.0,48.0,52.5,52.5,6.09,32.03,0.117,755,0.000,0.000,100.000,0.000,0.000,0.000,0.000,0.000,0.000,0.000,0.000,0.000,0.000
46,100000,7.7,18.024,15.5,8.6,2.0,92.1,0.0,100.0,0.0,0.0,0.0,0.0,0.0,0.0,0.0,0.0,0.0,0.0,0.0,0.0,0.0,15.3,1005.2,1005.2,624,100.0,0.0,6.8,378,145,43,49.0,51.0,47.5,52.5,3.40,36.33,0.127,504,0.000,0.000,100.000,0.000,0.000,0.000,0.000,0.000,0.000,0.000,0.000,0.000,0.000

