# win,br,misp%,MPKI,extra%,i/blk,br/blk,true_blk%,bim%,T0%,T1%,T2%,T3%,T4%,T5%,T6%,T7%,T8%,T9%,T10%,T11%,T12%,T13%,alloc_ok%,acc_avg,alloc_avg,Tlast_evict,Tlast_zu%,Tlast_avgp,coll%,Tlast_used,win_stuck,win_hard,dir_misp%,bnd_misp%,micro_p50_mpki,micro_p95_mpki,phase_delta_avg,phase_max_delta,jaccard,pingpong,cf_fb_only%,cf_tage_only%,prov_no_tag%,prov_sec_rej%,prov_meta_alt%,prov_meta_pri%,prov_no_meta%,cf_sec_fb_acc%,cf_sec_tage_acc%,ben_rej%,ben_incr%,ben_decr%,ben_ctr_avg
0,100000,17.1,19.067,30.1,15.8,1.8,86.6,0.0,100.0,0.0,0.0,0.0,0.0,0.0,0.0,0.0,0.0,0.0,0.0,0.0,0.0,0.0,30.1,963.4,963.4,343,100.0,0.0,0.7,605,50,47,55.4,44.6,52.5,52.5,5.73,28.12,-1.000,1667,0.000,0.000,100.000,0.000,0.000,0.000,0.000,0.000,0.000,0.000,0.000,0.000,0.000
1,100000,17.4,19.807,30.1,15.2,1.7,85.6,0.0,100.0,0.0,0.0,0.0,0.0,0.0,0.0,0.0,0.0,0.0,0.0,0.0,0.0,0.0,30.1,1020.5,1020.5,90,100.0,0.0,1.5,625,80,74,52.2,47.8,52.5,52.5,6.60,30.08,0.678,2216,0.000,0.000,100.000,0.000,0.000,0.000,0.000,0.000,0.000,0.000,0.000,0.000,0.000
2,100000,15.8,17.955,27.4,15.3,1.7,86.5,0.0,100.0,0.0,0.0,0.0,0.0,0.0,0.0,0.0,0.0,0.0,0.0,0.0,0.0,0.0,27.4,1021.0,1021.0,81,100.0,0.0,1.8,683,81,70,50.6,49.4,52.5,52.5,5.30,22.66,0.883,2193,0.000,0.000,100.000,0.000,0.000,0.000,0.000,0.000,0.000,0.000,0.000,0.000,0.000
3,100000,14.6,17.071,25.4,14.9,1.7,87.0,0.0,100.0,0.0,0.0,0.0,0.0,0.0,0.0,0.0,0.0,0.0,0.0,0.0,0.0,0.0,25.4,1021.7,1021.7,59,100.0,0.0,2.0,624,70,64,48.8,51.2,52.5,52.5,5.10,25.00,0.828,1957,0.000,0.000,100.000,0.000,0.000,0.000,0.000,0.000,0.000,0.000,0.000,0.000,0.000
4,100000,15.7,17.868,27.3,15.3,1.7,86.4,0.0,100.0,0.0,0.0,0.0,0.0,0.0,0.0,0.0,0.0,0.0,0.0,0.0,0.0,0.0,27.3,1021.3,1021.3,66,100.0,0.0,2.5,698,82,74,50.3,49.7,52.5,52.5,5.47,25.00,0.665,2101,0.000,0.000,100.000,0.000,0.000,0.000,0.000,0.000,0.000,0.000,0.000,0.000,0.000
5,100000,13.9,16.029,24.7,15.4,1.8,87.4,0.0,100.0,0.0,0.0,0.0,0.0,0.0,0.0,0.0,0.0,0.0,0.0,0.0,0.0,0.0,24.6,1021.5,1021.5,69,100.0,0.0,2.6,688,91,71,48.9,51.1,52.5,52.5,5.21,22.27,0.697,1997,0.000,0.000,100.000,0.000,0.000,0.000,0.000,0.000,0.000,0.000,0.000,0.000,0.000
6,100000,14.7,16.467,25.6,15.5,1.7,87.0,0.0,100.0,0.0,0.0,0.0,0.0,0.0,0.0,0.0,0.0,0.0,0.0,0.0,0.0,0.0,25.6,1021.3,1021.3,69,100.0,0.0,2.4,702,83,64,49.2,50.8,52.5,52.5,5.77,26.56,0.778,2011,0.000,0.000,100.000,0.000,0.000,0.000,0.000,0.000,0.000,0.000,0.000,0.000,0.000
7,100000,14.6,16.330,25.3,15.5,1.7,87.0,0.0,100.0,0.0,0.0,0.0,0.0,0.0,0.0,0.0,0.0,0.0,0.0,0.0,0.0,0.0,25.3,1021.6,1021.6,55,100.0,0.0,2.6,715,76,70,48.5,51.5,52.5,52.5,5.59,25.00,0.923,1937,0.000,0.000,100.000,0.000,0.000,0.000,0.000,0.000,0.000,0.000,0.000,0.000,0.000
8,100000,14.6,16.322,25.7,15.7,1.8,86.9,0.0,100.0,0.0,0.0,0.0,0.0,0.0,0.0,0.0,0.0,0.0,0.0,0.0,0.0,0.0,25.7,1021.3,1021.3,60,100.0,0.0,2.6,738,80,53,48.8,51.2,52.5,52.5,5.99,32.42,0.618,2045,0.000,0.000,100.000,0.000,0.000,0.000,0.000,0.000,0.000,0.000,0.000,0.000,0.000
9,100000,14.7,16.138,25.7,15.9,1.7,87.0,0.0,100.0,0.0,0.0,0.0,0.0,0.0,0.0,0.0,0.0,0.0,0.0,0.0,0.0,0.0,25.6,1021.5,1021.5,55,100.0,0.0,2.7,754,97,52,49.3,50.7,52.5,52.5,5.12,19.53,0.601,1990,0.000,0.000,100.000,0.000,0.000,0.000,0.000,0.000,0.000,0.000,0.000,0.000,0.000
10,100000,12.4,13.957,22.4,16.1,1.8,88.9,0.0,100.0,0.0,0.0,0.0,0.0,0.0,0.0,0.0,0.0,0.0,0.0,0.0,0.0,0.0,22.4,1021.9,1021.9,33,100.0,0.0,2.7,745,96,71,50.3,49.7,52.5,52.5,5.03,21.88,0.911,1876,0.000,0.000,100.000,0.000,0.000,0.000,0.000,0.000,0.000,0.000,0.000,0.000,0.000
11,100000,13.0,14.669,23.3,15.9,1.8,88.1,0.0,100.0,0.0,0.0,0.0,0.0,0.0,0.0,0.0,0.0,0.0,0.0,0.0,0.0,0.0,23.2,1021.6,1021.7,54,100.0,0.0,2.9,777,89,63,48.9,51.1,52.5,52.5,5.16,21.48,0.872,1805,0.000,0.000,100.000,0.000,0.000,0.000,0.000,0.000,0.000,0.000,0.000,0.000,0.000
12,100000,14.3,16.223,25.0,15.4,1.7,87.1,0.0,100.0,0.0,0.0,0.0,0.0,0.0,0.0,0.0,0.0,0.0,0.0,0.0,0.0,0.0,25.0,1021.4,1021.4,68,100.0,0.0,3.2,777,79,67,48.3,51.7,52.5,52.5,6.04,26.95,0.648,1766,0.000,0.000,100.000,0.000,0.000,0.000,0.000,0.000,0.000,0.000,0.000,0.000,0.000
13,100000,16.1,17.961,28.1,15.7,1.8,85.6,0.0,100.0,0.0,0.0,0.0,0.0,0.0,0.0,0.0,0.0,0.0,0.0,0.0,0.0,0.0,28.1,1021.1,1021.1,79,100.0,0.0,3.5,820,94,60,48.9,51.1,52.5,52.5,5.73,18.75,0.635,1992,0.000,0.000,100.000,0.000,0.000,0.000,0.000,0.000,0.000,0.000,0.000,0.000,0.000
14,100000,15.6,17.578,27.1,15.4,1.7,86.1,0.0,100.0,0.0,0.0,0.0,0.0,0.0,0.0,0.0,0.0,0.0,0.0,0.0,0.0,0.0,27.1,1021.3,1021.3,86,100.0,0.0,3.2,853,86,61,48.6,51.4,52.5,52.5,5.87,25.78,0.862,1969,0.000,0.000,100.000,0.000,0.000,0.000,0.000,0.000,0.000,0.000,0.000,0.000,0.000
15,100000,13.1,14.653,23.7,16.2,1.8,87.8,0.0,100.0,0.0,0.0,0.0,0.0,0.0,0.0,0.0,0.0,0.0,0.0,0.0,0.0,0.0,23.7,1021.9,1021.9,52,100.0,0.0,3.1,768,81,51,48.6,51.4,52.5,52.5,4.86,23.05,0.928,1994,0.000,0.000,100.000,0.000,0.000,0.000,0.000,0.000,0.000,0.000,0.000,0.000,0.000
16,100000,14.4,16.316,25.5,15.6,1.8,86.8,0.0,100.0,0.0,0.0,0.0,0.0,0.0,0.0,0.0,0.0,0.0,0.0,0.0,0.0,0.0,25.5,1021.3,1021.3,68,100.0,0.0,4.0,850,93,63,48.4,51.6,52.5,52.5,4.73,26.56,0.532,1857,0.000,0.000,100.000,0.000,0.000,0.000,0.000,0.000,0.000,0.000,0.000,0.000,0.000
17,100000,14.9,16.899,26.1,15.4,1.7,86.3,0.0,100.0,0.0,0.0,0.0,0.0,0.0,0.0,0.0,0.0,0.0,0.0,0.0,0.0,0.0,26.1,1021.3,1021.3,67,100.0,0.0,3.3,850,84,58,47.7,52.3,52.5,52.5,5.62,24.22,0.521,1969,0.000,0.000,100.000,0.000,0.000,0.000,0.000,0.000,0.000,0.000,0.000,0.000,0.000
18,100000,15.5,17.444,27.1,15.5,1.8,85.8,0.0,100.0,0.0,0.0,0.0,0.0,0.0,0.0,0.0,0.0,0.0,0.0,0.0,0.0,0.0,27.1,1021.3,1021.3,86,100.0,0.0,3.6,854,75,59,47.5,52.5,52.5,52.5,5.21,20.70,0.932,2115,0.000,0.000,100.000,0.000,0.000,0.000,0.000,0.000,0.000,0.000,0.000,0.000,0.000
19,100000,12.8,14.423,23.0,15.9,1.8,88.2,0.0,100.0,0.0,0.0,0.0,0.0,0.0,0.0,0.0,0.0,0.0,0.0,0.0,0.0,0.0,22.9,1021.9,1021.9,40,100.0,0.0,3.4,777,82,59,48.7,51.3,52.5,52.5,4.87,19.92,0.870,1717,0.000,0.000,100.000,0.000,0.000,0.000,0.000,0.000,0.000,0.000,0.000,0.000,0.000
20,100000,11.3,12.839,20.4,15.9,1.8,89.3,0.0,100.0,0.0,0.0,0.0,0.0,0.0,0.0,0.0,0.0,0.0,0.0,0.0,0.0,0.0,20.4,1022.0,1022.0,56,100.0,0.0,2.9,656,84,51,47.4,52.6,52.5,52.5,4.59,20.31,0.666,1673,0.000,0.000,100.000,0.000,0.000,0.000,0.000,0.000,0.000,0.000,0.000,0.000,0.000
21,100000,10.1,11.474,18.5,16.1,1.8,90.4,0.0,100.0,0.0,0.0,0.0,0.0,0.0,0.0,0.0,0.0,0.0,0.0,0.0,0.0,0.0,18.5,1022.2,1022.2,30,100.0,0.0,2.6,672,91,45,48.0,52.0,52.5,52.5,4.45,17.97,0.642,1687,0.000,0.000,100.000,0.000,0.000,0.000,0.000,0.000,0.000,0.000,0.000,0.000,0.000
22,100000,14.2,16.099,25.0,15.5,1.8,86.9,0.0,100.0,0.0,0.0,0.0,0.0,0.0,0.0,0.0,0.0,0.0,0.0,0.0,0.0,0.0,25.0,1021.6,1021.6,57,100.0,0.0,3.3,875,85,60,47.5,52.5,52.5,52.5,5.21,26.17,0.751,1831,0.000,0.000,100.000,0.000,0.000,0.000,0.000,0.000,0.000,0.000,0.000,0.000,0.000
23,100000,13.0,14.774,23.1,15.6,1.8,87.8,0.0,100.0,0.0,0.0,0.0,0.0,0.0,0.0,0.0,0.0,0.0,0.0,0.0,0.0,0.0,23.0,1021.9,1021.9,41,100.0,0.0,3.3,851,80,61,47.2,52.8,52.5,52.5,4.96,22.66,0.909,2084,0.000,0.000,100.000,0.000,0.000,0.000,0.000,0.000,0.000,0.000,0.000,0.000,0.000
24,100000,14.9,17.156,26.3,15.3,1.8,86.3,0.0,100.0,0.0,0.0,0.0,0.0,0.0,0.0,0.0,0.0,0.0,0.0,0.0,0.0,0.0,26.3,1021.4,1021.4,85,100.0,0.0,3.6,904,76,66,47.9,52.1,52.5,52.5,5.71,25.39,0.614,1918,0.000,0.000,100.000,0.000,0.000,0.000,0.000,0.000,0.000,0.000,0.000,0.000,0.000
25,100000,14.8,16.638,25.9,15.6,1.8,86.4,0.0,100.0,0.0,0.0,0.0,0.0,0.0,0.0,0.0,0.0,0.0,0.0,0.0,0.0,0.0,25.9,1021.4,1021.4,80,100.0,0.0,3.3,912,84,72,47.6,52.4,52.5,52.5,5.21,24.61,0.630,1992,0.000,0.000,100.000,0.000,0.000,0.000,0.000,0.000,0.000,0.000,0.000,0.000,0.000
26,100000,14.5,16.523,25.4,15.4,1.7,86.8,0.0,100.0,0.0,0.0,0.0,0.0,0.0,0.0,0.0,0.0,0.0,0.0,0.0,0.0,0.0,25.4,1021.5,1021.5,59,100.0,0.0,3.4,913,83,66,47.9,52.1,52.5,52.5,5.80,21.88,0.943,2072,0.000,0.000,100.000,0.000,0.000,0.000,0.000,0.000,0.000,0.000,0.000,0.000,0.000
27,100000,12.5,14.164,22.0,15.5,1.8,88.7,0.0,100.0,0.0,0.0,0.0,0.0,0.0,0.0,0.0,0.0,0.0,0.0,0.0,0.0,0.0,21.9,1021.9,1021.9,32,100.0,0.0,3.0,842,92,69,48.5,51.5,52.5,52.5,5.26,21.09,0.916,1738,0.000,0.000,100.000,0.000,0.000,0.000,0.000,0.000,0.000,0.000,0.000,0.000,0.000
28,100000,14.4,16.151,25.2,15.6,1.8,86.8,0.0,100.0,0.0,0.0,0.0,0.0,0.0,0.0,0.0,0.0,0.0,0.0,0.0,0.0,0.0,25.2,1021.5,1021.5,71,100.0,0.0,3.5,899,83,67,47.8,52.2,52.5,52.5,4.88,23.44,0.706,1706,0.000,0.000,100.000,0.000,0.000,0.000,0.000,0.000,0.000,0.000,0.000,0.000,0.000
29,100000,14.6,16.621,25.5,15.3,1.7,86.6,0.0,100.0,0.0,0.0,0.0,0.0,0.0,0.0,0.0,0.0,0.0,0.0,0.0,0.0,0.0,25.5,1021.3,1021.3,77,100.0,0.0,3.5,901,82,70,47.3,52.7,52.5,52.5,5.69,23.05,0.626,1808,0.000,0.000,100.000,0.000,0.000,0.000,0.000,0.000,0.000,0.000,0.000,0.000,0.000
30,100000,13.6,15.549,24.0,15.4,1.8,87.4,0.0,100.0,0.0,0.0,0.0,0.0,0.0,0.0,0.0,0.0,0.0,0.0,0.0,0.0,0.0,23.9,1021.5,1021.5,58,100.0,0.0,3.4,866,71,59,47.3,52.7,52.5,52.5,5.84,25.39,0.952,1857,0.000,0.000,100.000,0.000,0.000,0.000,0.000,0.000,0.000,0.000,0.000,0.000,0.000
31,100000,15.3,17.266,26.9,15.6,1.8,86.1,0.0,100.0,0.0,0.0,0.0,0.0,0.0,0.0,0.0,0.0,0.0,0.0,0.0,0.0,0.0,26.8,1021.3,1021.3,80,100.0,0.0,3.6,952,82,68,48.2,51.8,52.5,52.5,5.38,21.48,0.886,1907,0.000,0.000,100.000,0.000,0.000,0.000,0.000,0.000,0.000,0.000,0.000,0.000,0.000
32,100000,16.3,18.548,28.3,15.3,1.7,85.3,0.0,100.0,0.0,0.0,0.0,0.0,0.0,0.0,0.0,0.0,0.0,0.0,0.0,0.0,0.0,28.3,1021.2,1021.2,65,100.0,0.0,4.2,973,84,71,47.9,52.1,52.5,52.5,5.24,23.05,0.725,1945,0.000,0.000,100.000,0.000,0.000,0.000,0.000,0.000,0.000,0.000,0.000,0.000,0.000
33,100000,16.4,18.965,28.3,14.9,1.7,85.4,0.0,100.0,0.0,0.0,0.0,0.0,0.0,0.0,0.0,0.0,0.0,0.0,0.0,0.0,0.0,28.2,1021.3,1021.3,83,100.0,0.0,4.1,877,82,61,48.2,51.8,52.5,52.5,5.71,25.00,0.619,2120,0.000,0.000,100.000,0.000,0.000,0.000,0.000,0.000,0.000,0.000,0.000,0.000,0.000
34,100000,14.4,17.004,25.0,14.7,1.7,87.1,0.0,100.0,0.0,0.0,0.0,0.0,0.0,0.0,0.0,0.0,0.0,0.0,0.0,0.0,0.0,25.0,1021.5,1021.5,60,100.0,0.0,3.6,868,87,58,48.5,51.5,52.5,52.5,5.77,29.69,0.913,1743,0.000,0.000,100.000,0.000,0.000,0.000,0.000,0.000,0.000,0.000,0.000,0.000,0.000
35,100000,14.9,17.599,26.0,14.8,1.7,86.4,0.0,100.0,0.0,0.0,0.0,0.0,0.0,0.0,0.0,0.0,0.0,0.0,0.0,0.0,0.0,26.0,1021.4,1021.4,63,100.0,0.0,3.5,859,62,54,47.5,52.5,52.5,52.5,5.34,26.17,0.880,1817,0.000,0.000,100.000,0.000,0.000,0.000,0.000,0.000,0.000,0.000,0.000,0.000,0.000
36,100000,14.8,17.192,26.0,15.1,1.8,86.4,0.0,100.0,0.0,0.0,0.0,0.0,0.0,0.0,0.0,0.0,0.0,0.0,0.0,0.0,0.0,25.9,1021.5,1021.5,70,100.0,0.0,3.7,896,79,69,47.7,52.3,52.5,52.5,5.30,18.75,0.577,1810,0.000,0.000,100.000,0.000,0.000,0.000,0.000,0.000,0.000,0.000,0.000,0.000,0.000
37,100000,14.2,16.686,24.9,14.9,1.7,87.2,0.0,100.0,0.0,0.0,0.0,0.0,0.0,0.0,0.0,0.0,0.0,0.0,0.0,0.0,0.0,24.8,1021.7,1021.7,68,100.0,0.0,3.5,901,95,67,48.7,51.3,52.5,52.5,5.40,23.44,0.713,1763,0.000,0.000,100.000,0.000,0.000,0.000,0.000,0.000,0.000,0.000,0.000,0.000,0.000
38,100000,15.0,17.939,26.4,14.7,1.8,86.5,0.0,100.0,0.0,0.0,0.0,0.0,0.0,0.0,0.0,0.0,0.0,0.0,0.0,0.0,0.0,26.4,1021.7,1021.7,57,100.0,0.0,4.0,833,91,65,48.9,51.1,52.5,52.5,4.85,24.22,0.825,1997,0.000,0.000,100.000,0.000,0.000,0.000,0.000,0.000,0.000,0.000,0.000,0.000,0.000
39,100000,15.0,16.858,26.7,15.9,1.8,86.2,0.0,100.0,0.0,0.0,0.0,0.0,0.0,0.0,0.0,0.0,0.0,0.0,0.0,0.0,0.0,26.7,1021.5,1021.5,71,100.0,0.0,3.9,907,80,55,48.3,51.7,52.5,52.5,5.28,20.31,0.900,1790,0.000,0.000,100.000,0.000,0.000,0.000,0.000,0.000,0.000,0.000,0.000,0.000,0.000
40,100000,13.6,15.439,24.2,15.7,1.8,87.5,0.0,100.0,0.0,0.0,0.0,0.0,0.0,0.0,0.0,0.0,0.0,0.0,0.0,0.0,0.0,24.2,1021.6,1021.6,57,100.0,0.0,3.7,907,82,59,48.3,51.7,52.5,52.5,5.47,22.66,0.915,1639,0.000,0.000,100.000,0.000,0.000,0.000,0.000,0.000,0.000,0.000,0.000,0.000,0.000
41,100000,13.0,15.211,23.0,15.1,1.8,88.3,0.0,100.0,0.0,0.0,0.0,0.0,0.0,0.0,0.0,0.0,0.0,0.0,0.0,0.0,0.0,23.0,1021.9,1021.9,56,100.0,0.0,3.2,795,77,47,49.0,51.0,52.5,52.5,5.06,20.31,0.667,2147,0.000,0.000,100.000,0.000,0.000,0.000,0.000,0.000,0.000,0.000,0.000,0.000,0.000

